0.0000000000 0.0000000000
0.0002500000 0.0153935248
0.0005000000 0.0307853746
0.0007500000 0.0461738744
0.0010000000 0.0615573500
0.0012500000 0.0769341275
0.0015000000 0.0923025340
0.0017500000 0.1076608978
0.0020000000 0.1230075484
0.0022500000 0.1383408169
0.0025000000 0.1536590359
0.0027500000 0.1689605402
0.0030000000 0.1842436668
0.0032500000 0.1995067549
0.0035000000 0.2147481465
0.0037500000 0.2299661862
0.0040000000 0.2451592219
0.0042500000 0.2603256045
0.0045000000 0.2754636885
0.0047500000 0.2905718321
0.0050000000 0.3056483973
0.0052500000 0.3206917503
0.0055000000 0.3357002616
0.0057500000 0.3506723061
0.0060000000 0.3656062635
0.0062500000 0.3805005186
0.0065000000 0.3953534612
0.0067500000 0.4101634865
0.0070000000 0.4249289953
0.0072500000 0.4396483941
0.0075000000 0.4543200955
0.0077500000 0.4689425181
0.0080000000 0.4835140873
0.0082500000 0.4980332346
0.0085000000 0.5124983986
0.0087500000 0.5269080248
0.0090000000 0.5412605660
0.0092500000 0.5555544824
0.0095000000 0.5697882416
0.0097500000 0.5839603192
0.0100000000 0.5980691988
0.0102500000 0.6121133721
0.0105000000 0.6260913392
0.0107500000 0.6400016087
0.0110000000 0.6538426982
0.0112500000 0.6676131341
0.0115000000 0.6813114518
0.0117500000 0.6949361964
0.0120000000 0.7084859222
0.0122500000 0.7219591933
0.0125000000 0.7353545837
0.0127500000 0.7486706776
0.0130000000 0.7619060693
0.0132500000 0.7750593634
0.0135000000 0.7881291754
0.0137500000 0.8011141314
0.0140000000 0.8140128685
0.0142500000 0.8268240350
0.0145000000 0.8395462903
0.0147500000 0.8521783055
0.0150000000 0.8647187633
0.0152500000 0.8771663580
0.0155000000 0.8895197961
0.0157500000 0.9017777962
0.0160000000 0.9139390890
0.0162500000 0.9260024179
0.0165000000 0.9379665388
0.0167500000 0.9498302204
0.0170000000 0.9615922442
0.0172500000 0.9732514049
0.0175000000 0.9848065104
0.0177500000 0.9962563819
0.0180000000 1.0075998543
0.0182500000 1.0188357759
0.0185000000 1.0299630089
0.0187500000 1.0409804296
0.0190000000 1.0518869283
0.0192500000 1.0626814093
0.0195000000 1.0733627916
0.0197500000 1.0839300083
0.0200000000 1.0943820076
0.0202500000 1.1047177520
0.0205000000 1.1149362190
0.0207500000 1.1250364013
0.0210000000 1.1350173065
0.0212500000 1.1448779573
0.0215000000 1.1546173922
0.0217500000 1.1642346647
0.0220000000 1.1737288442
0.0222500000 1.1830990157
0.0225000000 1.1923442798
0.0227500000 1.2014637533
0.0230000000 1.2104565689
0.0232500000 1.2193218753
0.0235000000 1.2280588376
0.0237500000 1.2366666371
0.0240000000 1.2451444714
0.0242500000 1.2534915548
0.0245000000 1.2617071181
0.0247500000 1.2697904088
0.0250000000 1.2777406910
0.0252500000 1.2855572458
0.0255000000 1.2932393712
0.0257500000 1.3007863821
0.0260000000 1.3081976107
0.0262500000 1.3154724061
0.0265000000 1.3226101347
0.0267500000 1.3296101803
0.0270000000 1.3364719438
0.0272500000 1.3431948437
0.0275000000 1.3497783160
0.0277500000 1.3562218142
0.0280000000 1.3625248093
0.0282500000 1.3686867900
0.0285000000 1.3747072628
0.0287500000 1.3805857517
0.0290000000 1.3863217987
0.0292500000 1.3919149636
0.0295000000 1.3973648240
0.0297500000 1.4026709754
0.0300000000 1.4078330314
0.0302500000 1.4128506235
0.0305000000 1.4177234010
0.0307500000 1.4224510316
0.0310000000 1.4270332008
0.0312500000 1.4314696123
0.0315000000 1.4357599879
0.0317500000 1.4399040675
0.0320000000 1.4439016091
0.0322500000 1.4477523889
0.0325000000 1.4514562014
0.0327500000 1.4550128590
0.0330000000 1.4584221925
0.0332500000 1.4616840507
0.0335000000 1.4647983008
0.0337500000 1.4677648279
0.0340000000 1.4705835355
0.0342500000 1.4732543451
0.0345000000 1.4757771966
0.0347500000 1.4781520478
0.0350000000 1.4803788746
0.0352500000 1.4824576713
0.0355000000 1.4843884499
0.0357500000 1.4861712408
0.0360000000 1.4878060922
0.0362500000 1.4892930705
0.0365000000 1.4906322599
0.0367500000 1.4918237628
0.0370000000 1.4928676991
0.0372500000 1.4937642070
0.0375000000 1.4945134423
0.0377500000 1.4951155786
0.0380000000 1.4955708074
0.0382500000 1.4958793377
0.0385000000 1.4960413963
0.0387500000 1.4960572275
0.0390000000 1.4959270931
0.0392500000 1.4956512724
0.0395000000 1.4952300624
0.0397500000 1.4946637770
0.0400000000 1.4939527478
0.0402500000 1.4930973233
0.0405000000 1.4920978693
0.0407500000 1.4909547688
0.0410000000 1.4896684215
0.0412500000 1.4882392445
0.0415000000 1.4866676713
0.0417500000 1.4849541523
0.0420000000 1.4830991548
0.0422500000 1.4811031625
0.0425000000 1.4789666757
0.0427500000 1.4766902110
0.0430000000 1.4742743015
0.0432500000 1.4717194963
0.0435000000 1.4690263611
0.0437500000 1.4661954770
0.0440000000 1.4632274417
0.0442500000 1.4601228681
0.0445000000 1.4568823854
0.0447500000 1.4535066381
0.0450000000 1.4499962863
0.0452500000 1.4463520054
0.0455000000 1.4425744862
0.0457500000 1.4386644346
0.0460000000 1.4346225717
0.0462500000 1.4304496334
0.0465000000 1.4261463704
0.0467500000 1.4217135481
0.0470000000 1.4171519465
0.0472500000 1.4124623600
0.0475000000 1.4076455973
0.0477500000 1.4027024813
0.0480000000 1.3976338489
0.0482500000 1.3924405509
0.0485000000 1.3871234519
0.0487500000 1.3816834301
0.0490000000 1.3761213771
0.0492500000 1.3704381981
0.0495000000 1.3646348111
0.0497500000 1.3587121475
0.0500000000 1.3526711514
0.0502500000 1.3465127797
0.0505000000 1.3402380020
0.0507500000 1.3338478001
0.0510000000 1.3273431684
0.0512500000 1.3207251132
0.0515000000 1.3139946529
0.0517500000 1.3071528177
0.0520000000 1.3002006494
0.0522500000 1.2931392013
0.0525000000 1.2859695382
0.0527500000 1.2786927358
0.0530000000 1.2713098810
0.0532500000 1.2638220714
0.0535000000 1.2562304154
0.0537500000 1.2485360319
0.0540000000 1.2407400499
0.0542500000 1.2328436088
0.0545000000 1.2248478578
0.0547500000 1.2167539561
0.0550000000 1.2085630722
0.0552500000 1.2002763844
0.0555000000 1.1918950801
0.0557500000 1.1834203557
0.0560000000 1.1748534166
0.0562500000 1.1661954770
0.0565000000 1.1574477596
0.0567500000 1.1486114952
0.0570000000 1.1396879232
0.0572500000 1.1306782907
0.0575000000 1.1215838527
0.0577500000 1.1124058717
0.0580000000 1.1031456177
0.0582500000 1.0938043680
0.0585000000 1.0843834068
0.0587500000 1.0748840252
0.0590000000 1.0653075211
0.0592500000 1.0556551986
0.0595000000 1.0459283683
0.0597500000 1.0361283467
0.0600000000 1.0262564564
0.0602500000 1.0163140255
0.0605000000 1.0063023877
0.0607500000 0.9962228820
0.0610000000 0.9860768523
0.0612500000 0.9758656476
0.0615000000 0.9655906217
0.0617500000 0.9552531327
0.0620000000 0.9448545432
0.0622500000 0.9343962196
0.0625000000 0.9238795325
0.0627500000 0.9133058562
0.0630000000 0.9026765684
0.0632500000 0.8919930502
0.0635000000 0.8812566857
0.0637500000 0.8704688621
0.0640000000 0.8596309691
0.0642500000 0.8487443992
0.0645000000 0.8378105468
0.0647500000 0.8268308089
0.0650000000 0.8158065840
0.0652500000 0.8047392726
0.0655000000 0.7936302766
0.0657500000 0.7824809992
0.0660000000 0.7712928447
0.0662500000 0.7600672183
0.0665000000 0.7488055261
0.0667500000 0.7375091746
0.0670000000 0.7261795704
0.0672500000 0.7148181207
0.0675000000 0.7034262321
0.0677500000 0.6920053112
0.0680000000 0.6805567642
0.0682500000 0.6690819964
0.0685000000 0.6575824124
0.0687500000 0.6460594157
0.0690000000 0.6345144084
0.0692500000 0.6229487913
0.0695000000 0.6113639635
0.0697500000 0.5997613223
0.0700000000 0.5881422628
0.0702500000 0.5765081780
0.0705000000 0.5648604584
0.0707500000 0.5532004920
0.0710000000 0.5415296638
0.0712500000 0.5298493559
0.0715000000 0.5181609473
0.0717500000 0.5064658135
0.0720000000 0.4947653264
0.0722500000 0.4830608542
0.0725000000 0.4713537611
0.0727500000 0.4596454074
0.0730000000 0.4479371486
0.0732500000 0.4362303363
0.0735000000 0.4245263170
0.0737500000 0.4128264324
0.0740000000 0.4011320194
0.0742500000 0.3894444093
0.0745000000 0.3777649283
0.0747500000 0.3660948969
0.0750000000 0.3544356298
0.0752500000 0.3427884359
0.0755000000 0.3311546180
0.0757500000 0.3195354724
0.0760000000 0.3079322892
0.0762500000 0.2963463517
0.0765000000 0.2847789366
0.0767500000 0.2732313135
0.0770000000 0.2617047449
0.0772500000 0.2502004860
0.0775000000 0.2387197848
0.0777500000 0.2272638812
0.0780000000 0.2158340079
0.0782500000 0.2044313891
0.0785000000 0.1930572414
0.0787500000 0.1817127729
0.0790000000 0.1703991832
0.0792500000 0.1591176637
0.0795000000 0.1478693969
0.0797500000 0.1366555563
0.0800000000 0.1254773066
0.0802500000 0.1143358034
0.0805000000 0.1032321928
0.0807500000 0.0921676115
0.0810000000 0.0811431869
0.0812500000 0.0701600364
0.0815000000 0.0592192676
0.0817500000 0.0483219781
0.0820000000 0.0374692555
0.0822500000 0.0266621769
0.0825000000 0.0159018094
0.0827500000 0.0051892092
0.0830000000 -0.0054745780
0.0832500000 -0.0160885172
0.0835000000 -0.0266515844
0.0837500000 -0.0371627665
0.0840000000 -0.0476210618
0.0842500000 -0.0580254794
0.0845000000 -0.0683750402
0.0847500000 -0.0786687764
0.0850000000 -0.0889057317
0.0852500000 -0.0990849617
0.0855000000 -0.1092055337
0.0857500000 -0.1192665269
0.0860000000 -0.1292670325
0.0862500000 -0.1392061540
0.0865000000 -0.1490830069
0.0867500000 -0.1588967191
0.0870000000 -0.1686464309
0.0872500000 -0.1783312952
0.0875000000 -0.1879504774
0.0877500000 -0.1975031556
0.0880000000 -0.2069885207
0.0882500000 -0.2164057765
0.0885000000 -0.2257541395
0.0887500000 -0.2350328396
0.0890000000 -0.2442411195
0.0892500000 -0.2533782352
0.0895000000 -0.2624434559
0.0897500000 -0.2714360642
0.0900000000 -0.2803553561
0.0902500000 -0.2892006408
0.0905000000 -0.2979712413
0.0907500000 -0.3066664941
0.0910000000 -0.3152857494
0.0912500000 -0.3238283709
0.0915000000 -0.3322937363
0.0917500000 -0.3406812371
0.0920000000 -0.3489902783
0.0922500000 -0.3572202793
0.0925000000 -0.3653706732
0.0927500000 -0.3734409071
0.0930000000 -0.3814304422
0.0932500000 -0.3893387537
0.0935000000 -0.3971653312
0.0937500000 -0.4049096780
0.0940000000 -0.4125713119
0.0942500000 -0.4201497650
0.0945000000 -0.4276445833
0.0947500000 -0.4350553274
0.0950000000 -0.4423815720
0.0952500000 -0.4496229063
0.0955000000 -0.4567789335
0.0957500000 -0.4638492717
0.0960000000 -0.4708335527
0.0962500000 -0.4777314233
0.0965000000 -0.4845425443
0.0967500000 -0.4912665910
0.0970000000 -0.4979032532
0.0972500000 -0.5044522349
0.0975000000 -0.5109132547
0.0977500000 -0.5172860455
0.0980000000 -0.5235703546
0.0982500000 -0.5297659438
0.0985000000 -0.5358725890
0.0987500000 -0.5418900809
0.0990000000 -0.5478182242
0.0992500000 -0.5536568381
0.0995000000 -0.5594057561
0.0997500000 -0.5650648260
0.1000000000 -0.5706339098
0.1002500000 -0.5761128839
0.1005000000 -0.5815016388
0.1007500000 -0.5868000794
0.1010000000 -0.5920081246
0.1012500000 -0.5971257073
0.1015000000 -0.6021527748
0.1017500000 -0.6070892883
0.1020000000 -0.6119352231
0.1022500000 -0.6166905683
0.1025000000 -0.6213553272
0.1027500000 -0.6259295167
0.1030000000 -0.6304131678
0.1032500000 -0.6348063251
0.1035000000 -0.6391090470
0.1037500000 -0.6433214055
0.1040000000 -0.6474434864
0.1042500000 -0.6514753888
0.1045000000 -0.6554172257
0.1047500000 -0.6592691230
0.1050000000 -0.6630312203
0.1052500000 -0.6667036706
0.1055000000 -0.6702866398
0.1057500000 -0.6737803072
0.1060000000 -0.6771848650
0.1062500000 -0.6805005186
0.1065000000 -0.6837274863
0.1067500000 -0.6868659990
0.1070000000 -0.6899163007
0.1072500000 -0.6928786478
0.1075000000 -0.6957533095
0.1077500000 -0.6985405674
0.1080000000 -0.7012407156
0.1082500000 -0.7038540604
0.1085000000 -0.7063809204
0.1087500000 -0.7088216263
0.1090000000 -0.7111765210
0.1092500000 -0.7134459591
0.1095000000 -0.7156303071
0.1097500000 -0.7177299434
0.1100000000 -0.7197452579
0.1102500000 -0.7216766521
0.1105000000 -0.7235245387
0.1107500000 -0.7252893419
0.1110000000 -0.7269714972
0.1112500000 -0.7285714509
0.1115000000 -0.7300896606
0.1117500000 -0.7315265943
0.1120000000 -0.7328827313
0.1122500000 -0.7341585611
0.1125000000 -0.7353545837
0.1127500000 -0.7364713098
0.1130000000 -0.7375092601
0.1132500000 -0.7384689654
0.1135000000 -0.7393509666
0.1137500000 -0.7401558145
0.1140000000 -0.7408840695
0.1142500000 -0.7415363018
0.1145000000 -0.7421130908
0.1147500000 -0.7426150256
0.1150000000 -0.7430427042
0.1152500000 -0.7433967338
0.1155000000 -0.7436777306
0.1157500000 -0.7438863195
0.1160000000 -0.7440231341
0.1162500000 -0.7440888164
0.1165000000 -0.7440840170
0.1167500000 -0.7440093946
0.1170000000 -0.7438656159
0.1172500000 -0.7436533556
0.1175000000 -0.7433732963
0.1177500000 -0.7430261282
0.1180000000 -0.7426125489
0.1182500000 -0.7421332634
0.1185000000 -0.7415889839
0.1187500000 -0.7409804296
0.1190000000 -0.7403083268
0.1192500000 -0.7395734082
0.1195000000 -0.7387764134
0.1197500000 -0.7379180881
0.1200000000 -0.7369991846
0.1202500000 -0.7360204611
0.1205000000 -0.7349826819
0.1207500000 -0.7338866170
0.1210000000 -0.7327330420
0.1212500000 -0.7315227381
0.1215000000 -0.7302564917
0.1217500000 -0.7289350946
0.1220000000 -0.7275593432
0.1222500000 -0.7261300391
0.1225000000 -0.7246479885
0.1227500000 -0.7231140018
0.1230000000 -0.7215288942
0.1232500000 -0.7198934848
0.1235000000 -0.7182085968
0.1237500000 -0.7164750573
0.1240000000 -0.7146936968
0.1242500000 -0.7128653498
0.1245000000 -0.7109908539
0.1247500000 -0.7090710497
0.1250000000 -0.7071067812
0.1252500000 -0.7050988950
0.1255000000 -0.7030482405
0.1257500000 -0.7009556696
0.1260000000 -0.6988220365
0.1262500000 -0.6966481977
0.1265000000 -0.6944350117
0.1267500000 -0.6921833387
0.1270000000 -0.6898940407
0.1272500000 -0.6875679814
0.1275000000 -0.6852060255
0.1277500000 -0.6828090391
0.1280000000 -0.6803778893
0.1282500000 -0.6779134441
0.1285000000 -0.6754165720
0.1287500000 -0.6728881421
0.1290000000 -0.6703290241
0.1292500000 -0.6677400874
0.1295000000 -0.6651222019
0.1297500000 -0.6624762371
0.1300000000 -0.6598030621
0.1302500000 -0.6571035457
0.1305000000 -0.6543785561
0.1307500000 -0.6516289605
0.1310000000 -0.6488556253
0.1312500000 -0.6460594157
0.1315000000 -0.6432411955
0.1317500000 -0.6404018272
0.1320000000 -0.6375421716
0.1322500000 -0.6346630878
0.1325000000 -0.6317654327
0.1327500000 -0.6288500616
0.1330000000 -0.6259178269
0.1332500000 -0.6229695791
0.1335000000 -0.6200061658
0.1337500000 -0.6170284321
0.1340000000 -0.6140372201
0.1342500000 -0.6110333686
0.1345000000 -0.6080177137
0.1347500000 -0.6049910878
0.1350000000 -0.6019543197
0.1352500000 -0.5989082349
0.1355000000 -0.5958536548
0.1357500000 -0.5927913968
0.1360000000 -0.5897222745
0.1362500000 -0.5866470968
0.1365000000 -0.5835666686
0.1367500000 -0.5804817899
0.1370000000 -0.5773932562
0.1372500000 -0.5743018581
0.1375000000 -0.5712083811
0.1377500000 -0.5681136058
0.1380000000 -0.5650183073
0.1382500000 -0.5619232553
0.1385000000 -0.5588292141
0.1387500000 -0.5557369421
0.1390000000 -0.5526471920
0.1392500000 -0.5495607106
0.1395000000 -0.5464782384
0.1397500000 -0.5434005098
0.1400000000 -0.5403282527
0.1402500000 -0.5372621888
0.1405000000 -0.5342030329
0.1407500000 -0.5311514931
0.1410000000 -0.5281082707
0.1412500000 -0.5250740600
0.1415000000 -0.5220495480
0.1417500000 -0.5190354148
0.1420000000 -0.5160323327
0.1422500000 -0.5130409669
0.1425000000 -0.5100619747
0.1427500000 -0.5070960060
0.1430000000 -0.5041437027
0.1432500000 -0.5012056986
0.1435000000 -0.4982826197
0.1437500000 -0.4953750838
0.1440000000 -0.4924837003
0.1442500000 -0.4896090704
0.1445000000 -0.4867517866
0.1447500000 -0.4839124332
0.1450000000 -0.4810915853
0.1452500000 -0.4782898097
0.1455000000 -0.4755076640
0.1457500000 -0.4727456971
0.1460000000 -0.4700044485
0.1462500000 -0.4672844489
0.1465000000 -0.4645862196
0.1467500000 -0.4619102725
0.1470000000 -0.4592571101
0.1472500000 -0.4566272256
0.1475000000 -0.4540211023
0.1477500000 -0.4514392140
0.1480000000 -0.4488820249
0.1482500000 -0.4463499890
0.1485000000 -0.4438435509
0.1487500000 -0.4413631447
0.1490000000 -0.4389091949
0.1492500000 -0.4364821156
0.1495000000 -0.4340823109
0.1497500000 -0.4317101746
0.1500000000 -0.4293660902
0.1502500000 -0.4270504308
0.1505000000 -0.4247635591
0.1507500000 -0.4225058273
0.1510000000 -0.4202775771
0.1512500000 -0.4180791396
0.1515000000 -0.4159108352
0.1517500000 -0.4137729738
0.1520000000 -0.4116658543
0.1522500000 -0.4095897650
0.1525000000 -0.4075449833
0.1527500000 -0.4055317758
0.1530000000 -0.4035503981
0.1532500000 -0.4016010949
0.1535000000 -0.3996841000
0.1537500000 -0.3977996362
0.1540000000 -0.3959479150
0.1542500000 -0.3941291372
0.1545000000 -0.3923434922
0.1547500000 -0.3905911586
0.1550000000 -0.3888723035
0.1552500000 -0.3871870832
0.1555000000 -0.3855356426
0.1557500000 -0.3839181154
0.1560000000 -0.3823346242
0.1562500000 -0.3807852804
0.1565000000 -0.3792701841
0.1567500000 -0.3777894242
0.1570000000 -0.3763430784
0.1572500000 -0.3749312130
0.1575000000 -0.3735538833
0.1577500000 -0.3722111333
0.1580000000 -0.3709029956
0.1582500000 -0.3696294918
0.1585000000 -0.3683906321
0.1587500000 -0.3671864157
0.1590000000 -0.3660168303
0.1592500000 -0.3648818526
0.1595000000 -0.3637814483
0.1597500000 -0.3627155716
0.1600000000 -0.3616841659
0.1602500000 -0.3606871632
0.1605000000 -0.3597244847
0.1607500000 -0.3587960404
0.1610000000 -0.3579017292
0.1612500000 -0.3570414392
0.1615000000 -0.3562150475
0.1617500000 -0.3554224202
0.1620000000 -0.3546634125
0.1622500000 -0.3539378688
0.1625000000 -0.3532456227
0.1627500000 -0.3525864971
0.1630000000 -0.3519603041
0.1632500000 -0.3513668452
0.1635000000 -0.3508059112
0.1637500000 -0.3502772823
0.1640000000 -0.3497807284
0.1642500000 -0.3493160087
0.1645000000 -0.3488828722
0.1647500000 -0.3484810574
0.1650000000 -0.3481102927
0.1652500000 -0.3477702961
0.1655000000 -0.3474607756
0.1657500000 -0.3471814290
0.1660000000 -0.3469319442
0.1662500000 -0.3467119990
0.1665000000 -0.3465212616
0.1667500000 -0.3463593902
0.1670000000 -0.3462260333
0.1672500000 -0.3461208298
0.1675000000 -0.3460434091
0.1677500000 -0.3459933910
0.1680000000 -0.3459703860
0.1682500000 -0.3459739953
0.1685000000 -0.3460038109
0.1687500000 -0.3460594157
0.1690000000 -0.3461403834
0.1692500000 -0.3462462788
0.1695000000 -0.3463766581
0.1697500000 -0.3465310686
0.1700000000 -0.3467090487
0.1702500000 -0.3469101287
0.1705000000 -0.3471338300
0.1707500000 -0.3473796661
0.1710000000 -0.3476471420
0.1712500000 -0.3479357544
0.1715000000 -0.3482449924
0.1717500000 -0.3485743368
0.1720000000 -0.3489232609
0.1722500000 -0.3492912300
0.1725000000 -0.3496777020
0.1727500000 -0.3500821274
0.1730000000 -0.3505039492
0.1732500000 -0.3509426031
0.1735000000 -0.3513975180
0.1737500000 -0.3518681156
0.1740000000 -0.3523538106
0.1742500000 -0.3528540113
0.1745000000 -0.3533681191
0.1747500000 -0.3538955291
0.1750000000 -0.3544356298
0.1752500000 -0.3549878037
0.1755000000 -0.3555514271
0.1757500000 -0.3561258703
0.1760000000 -0.3567104979
0.1762500000 -0.3573046685
0.1765000000 -0.3579077355
0.1767500000 -0.3585190466
0.1770000000 -0.3591379443
0.1772500000 -0.3597637660
0.1775000000 -0.3603958439
0.1777500000 -0.3610335054
0.1780000000 -0.3616760734
0.1782500000 -0.3623228658
0.1785000000 -0.3629731963
0.1787500000 -0.3636263744
0.1790000000 -0.3642817051
0.1792500000 -0.3649384896
0.1795000000 -0.3655960252
0.1797500000 -0.3662536056
0.1800000000 -0.3669105207
0.1802500000 -0.3675660571
0.1805000000 -0.3682194981
0.1807500000 -0.3688701240
0.1810000000 -0.3695172120
0.1812500000 -0.3701600364
0.1815000000 -0.3707978691
0.1817500000 -0.3714299792
0.1820000000 -0.3720556337
0.1822500000 -0.3726740972
0.1825000000 -0.3732846324
0.1827500000 -0.3738865001
0.1830000000 -0.3744789592
0.1832500000 -0.3750612672
0.1835000000 -0.3756326801
0.1837500000 -0.3761924527
0.1840000000 -0.3767398387
0.1842500000 -0.3772740908
0.1845000000 -0.3777944608
0.1847500000 -0.3783002001
0.1850000000 -0.3787905596
0.1852500000 -0.3792647897
0.1855000000 -0.3797221409
0.1857500000 -0.3801618636
0.1860000000 -0.3805832082
0.1862500000 -0.3809854258
0.1865000000 -0.3813677677
0.1867500000 -0.3817294859
0.1870000000 -0.3820698334
0.1872500000 -0.3823880639
0.1875000000 -0.3826834324
0.1877500000 -0.3829551952
0.1880000000 -0.3832026100
0.1882500000 -0.3834249361
0.1885000000 -0.3836214347
0.1887500000 -0.3837913688
0.1890000000 -0.3839340036
0.1892500000 -0.3840486064
0.1895000000 -0.3841344471
0.1897500000 -0.3841907981
0.1900000000 -0.3842169345
0.1902500000 -0.3842121344
0.1905000000 -0.3841756787
0.1907500000 -0.3841068518
0.1910000000 -0.3840049414
0.1912500000 -0.3838692386
0.1915000000 -0.3836990383
0.1917500000 -0.3834936391
0.1920000000 -0.3832523437
0.1922500000 -0.3829744590
0.1925000000 -0.3826592962
0.1927500000 -0.3823061706
0.1930000000 -0.3819144027
0.1932500000 -0.3814833173
0.1935000000 -0.3810122443
0.1937500000 -0.3805005186
0.1940000000 -0.3799474805
0.1942500000 -0.3793524753
0.1945000000 -0.3787148542
0.1947500000 -0.3780339738
0.1950000000 -0.3773091967
0.1952500000 -0.3765398912
0.1955000000 -0.3757254320
0.1957500000 -0.3748652000
0.1960000000 -0.3739585822
0.1962500000 -0.3730049724
0.1965000000 -0.3720037711
0.1967500000 -0.3709543854
0.1970000000 -0.3698562297
0.1972500000 -0.3687087251
0.1975000000 -0.3675113002
0.1977500000 -0.3662633909
0.1980000000 -0.3649644405
0.1982500000 -0.3636139002
0.1985000000 -0.3622112287
0.1987500000 -0.3607558927
0.1990000000 -0.3592473671
0.1992500000 -0.3576851347
0.1995000000 -0.3560686868
0.1997500000 -0.3543975229
0.2000000000 -0.3526711514
0.2002500000 -0.3508890889
0.2005000000 -0.3490508613
0.2007500000 -0.3471560030
0.2010000000 -0.3452040577
0.2012500000 -0.3431945781
0.2015000000 -0.3411271262
0.2017500000 -0.3390012735
0.2020000000 -0.3368166009
0.2022500000 -0.3345726989
0.2025000000 -0.3322691678
0.2027500000 -0.3299056177
0.2030000000 -0.3274816686
0.2032500000 -0.3249969505
0.2035000000 -0.3224511038
0.2037500000 -0.3198437790
0.2040000000 -0.3171746369
0.2042500000 -0.3144433487
0.2045000000 -0.3116495965
0.2047500000 -0.3087930727
0.2050000000 -0.3058734806
0.2052500000 -0.3028905344
0.2055000000 -0.2998439590
0.2057500000 -0.2967334906
0.2060000000 -0.2935588763
0.2062500000 -0.2903198746
0.2065000000 -0.2870162551
0.2067500000 -0.2836477988
0.2070000000 -0.2802142981
0.2072500000 -0.2767155572
0.2075000000 -0.2731513914
0.2077500000 -0.2695216282
0.2080000000 -0.2658261066
0.2082500000 -0.2620646772
0.2085000000 -0.2582372028
0.2087500000 -0.2543435582
0.2090000000 -0.2503836298
0.2092500000 -0.2463573166
0.2095000000 -0.2422645293
0.2097500000 -0.2381051910
0.2100000000 -0.2338792371
0.2102500000 -0.2295866152
0.2105000000 -0.2252272854
0.2107500000 -0.2208012200
0.2110000000 -0.2163084039
0.2112500000 -0.2117488345
0.2115000000 -0.2071225217
0.2117500000 -0.2024294881
0.2120000000 -0.1976697689
0.2122500000 -0.1928434118
0.2125000000 -0.1879504774
0.2127500000 -0.1829910391
0.2130000000 -0.1779651828
0.2132500000 -0.1728730074
0.2135000000 -0.1677146247
0.2137500000 -0.1624901591
0.2140000000 -0.1571997482
0.2142500000 -0.1518435422
0.2145000000 -0.1464217043
0.2147500000 -0.1409344108
0.2150000000 -0.1353818507
0.2152500000 -0.1297642262
0.2155000000 -0.1240817523
0.2157500000 -0.1183346570
0.2160000000 -0.1125231813
0.2162500000 -0.1066475793
0.2165000000 -0.1007081179
0.2167500000 -0.0947050770
0.2170000000 -0.0886387497
0.2172500000 -0.0825094419
0.2175000000 -0.0763174723
0.2177500000 -0.0700631730
0.2180000000 -0.0637468886
0.2182500000 -0.0573689769
0.2185000000 -0.0509298085
0.2187500000 -0.0444297670
0.2190000000 -0.0378692487
0.2192500000 -0.0312486628
0.2195000000 -0.0245684315
0.2197500000 -0.0178289896
0.2200000000 -0.0110307848
0.2202500000 -0.0041742773
0.2205000000 0.0027400598
0.2207500000 0.0097117408
0.2210000000 0.0167402673
0.2212500000 0.0238251285
0.2215000000 0.0309658009
0.2217500000 0.0381617486
0.2220000000 0.0454124232
0.2222500000 0.0527172640
0.2225000000 0.0600756979
0.2227500000 0.0674871395
0.2230000000 0.0749509912
0.2232500000 0.0824666432
0.2235000000 0.0900334738
0.2237500000 0.0976508489
0.2240000000 0.1053181226
0.2242500000 0.1130346373
0.2245000000 0.1207997232
0.2247500000 0.1286126989
0.2250000000 0.1364728714
0.2252500000 0.1443795359
0.2255000000 0.1523319762
0.2257500000 0.1603294646
0.2260000000 0.1683712619
0.2262500000 0.1764566179
0.2265000000 0.1845847709
0.2267500000 0.1927549482
0.2270000000 0.2009663661
0.2272500000 0.2092182299
0.2275000000 0.2175097341
0.2277500000 0.2258400626
0.2280000000 0.2342083883
0.2282500000 0.2426138739
0.2285000000 0.2510556715
0.2287500000 0.2595329229
0.2290000000 0.2680447596
0.2292500000 0.2765903031
0.2295000000 0.2851686648
0.2297500000 0.2937789462
0.2300000000 0.3024202391
0.2302500000 0.3110916255
0.2305000000 0.3197921779
0.2307500000 0.3285209594
0.2310000000 0.3372770238
0.2312500000 0.3460594157
0.2315000000 0.3548671704
0.2317500000 0.3636993147
0.2320000000 0.3725548662
0.2322500000 0.3814328340
0.2325000000 0.3903322187
0.2327500000 0.3992520123
0.2330000000 0.4081911986
0.2332500000 0.4171487533
0.2335000000 0.4261236440
0.2337500000 0.4351148306
0.2340000000 0.4441212651
0.2342500000 0.4531418920
0.2345000000 0.4621756482
0.2347500000 0.4712214636
0.2350000000 0.4802782606
0.2352500000 0.4893449550
0.2355000000 0.4984204553
0.2357500000 0.5075036637
0.2360000000 0.5165934755
0.2362500000 0.5256887800
0.2365000000 0.5347884599
0.2367500000 0.5438913919
0.2370000000 0.5529964471
0.2372500000 0.5621024903
0.2375000000 0.5712083811
0.2377500000 0.5803129736
0.2380000000 0.5894151164
0.2382500000 0.5985136533
0.2385000000 0.6076074228
0.2387500000 0.6166952589
0.2390000000 0.6257759910
0.2392500000 0.6348484438
0.2395000000 0.6439114378
0.2397500000 0.6529637897
0.2400000000 0.6620043118
0.2402500000 0.6710318130
0.2405000000 0.6800450984
0.2407500000 0.6890429698
0.2410000000 0.6980242257
0.2412500000 0.7069876615
0.2415000000 0.7159320699
0.2417500000 0.7248562406
0.2420000000 0.7337589610
0.2422500000 0.7426390162
0.2425000000 0.7514951888
0.2427500000 0.7603262597
0.2430000000 0.7691310080
0.2432500000 0.7779082111
0.2435000000 0.7866566447
0.2437500000 0.7953750838
0.2440000000 0.8040623018
0.2442500000 0.8127170715
0.2445000000 0.8213381648
0.2447500000 0.8299243534
0.2450000000 0.8384744083
0.2452500000 0.8469871005
0.2455000000 0.8554612011
0.2457500000 0.8638954814
0.2460000000 0.8722887130
0.2462500000 0.8806396682
0.2465000000 0.8889471201
0.2467500000 0.8972098426
0.2470000000 0.9054266111
0.2472500000 0.9135962021
0.2475000000 0.9217173936
0.2477500000 0.9297889655
0.2480000000 0.9378096995
0.2482500000 0.9457783795
0.2485000000 0.9536937916
0.2487500000 0.9615547245
0.2490000000 0.9693599695
0.2492500000 0.9771083206
0.2495000000 0.9847985752
0.2497500000 0.9924295337
0.2500000000 1.0000000000
0.2502500000 1.0075087816
0.2505000000 1.0149546897
0.2507500000 1.0223365398
0.2510000000 1.0296531513
0.2512500000 1.0369033480
0.2515000000 1.0440859583
0.2517500000 1.0511998154
0.2520000000 1.0582437573
0.2522500000 1.0652166273
0.2525000000 1.0721172739
0.2527500000 1.0789445509
0.2530000000 1.0856973181
0.2532500000 1.0923744409
0.2535000000 1.0989747908
0.2537500000 1.1054972457
0.2540000000 1.1119406896
0.2542500000 1.1183040133
0.2545000000 1.1245861143
0.2547500000 1.1307858970
0.2550000000 1.1369022729
0.2552500000 1.1429341610
0.2555000000 1.1488804875
0.2557500000 1.1547401864
0.2560000000 1.1605121997
0.2562500000 1.1661954770
0.2565000000 1.1717889765
0.2567500000 1.1772916645
0.2570000000 1.1827025158
0.2572500000 1.1880205142
0.2575000000 1.1932446520
0.2577500000 1.1983739308
0.2580000000 1.2034073612
0.2582500000 1.2083439634
0.2585000000 1.2131827671
0.2587500000 1.2179228114
0.2590000000 1.2225631457
0.2592500000 1.2271028291
0.2595000000 1.2315409312
0.2597500000 1.2358765316
0.2600000000 1.2401087208
0.2602500000 1.2442365996
0.2605000000 1.2482592798
0.2607500000 1.2521758843
0.2610000000 1.2559855469
0.2612500000 1.2596874129
0.2615000000 1.2632806389
0.2617500000 1.2667643930
0.2620000000 1.2701378554
0.2622500000 1.2734002177
0.2625000000 1.2765506839
0.2627500000 1.2795884700
0.2630000000 1.2825128043
0.2632500000 1.2853229277
0.2635000000 1.2880180934
0.2637500000 1.2905975677
0.2640000000 1.2930606294
0.2642500000 1.2954065706
0.2645000000 1.2976346962
0.2647500000 1.2997443247
0.2650000000 1.3017347877
0.2652500000 1.3036054305
0.2655000000 1.3053556120
0.2657500000 1.3069847046
0.2660000000 1.3084920950
0.2662500000 1.3098771835
0.2665000000 1.3111393849
0.2667500000 1.3122781278
0.2670000000 1.3132928554
0.2672500000 1.3141830255
0.2675000000 1.3149481100
0.2677500000 1.3155875959
0.2680000000 1.3161009848
0.2682500000 1.3164877931
0.2685000000 1.3167475523
0.2687500000 1.3168798089
0.2690000000 1.3168841247
0.2692500000 1.3167600766
0.2695000000 1.3165072569
0.2697500000 1.3161252735
0.2700000000 1.3156137497
0.2702500000 1.3149723243
0.2705000000 1.3142006522
0.2707500000 1.3132984037
0.2710000000 1.3122652652
0.2712500000 1.3111009389
0.2715000000 1.3098051432
0.2717500000 1.3083776125
0.2720000000 1.3068180973
0.2722500000 1.3051263644
0.2725000000 1.3033021971
0.2727500000 1.3013453947
0.2730000000 1.2992557732
0.2732500000 1.2970331650
0.2735000000 1.2946774191
0.2737500000 1.2921884010
0.2740000000 1.2895659929
0.2742500000 1.2868100938
0.2745000000 1.2839206193
0.2747500000 1.2808975019
0.2750000000 1.2777406910
0.2752500000 1.2744501526
0.2755000000 1.2710258700
0.2757500000 1.2674678432
0.2760000000 1.2637760892
0.2762500000 1.2599506422
0.2765000000 1.2559915533
0.2767500000 1.2518988906
0.2770000000 1.2476727395
0.2772500000 1.2433132023
0.2775000000 1.2388203988
0.2777500000 1.2341944655
0.2780000000 1.2294355563
0.2782500000 1.2245438423
0.2785000000 1.2195195118
0.2787500000 1.2143627701
0.2790000000 1.2090738400
0.2792500000 1.2036529612
0.2795000000 1.1981003908
0.2797500000 1.1924164031
0.2800000000 1.1866012893
0.2802500000 1.1806553583
0.2805000000 1.1745789356
0.2807500000 1.1683723643
0.2810000000 1.1620360044
0.2812500000 1.1555702330
0.2815000000 1.1489754445
0.2817500000 1.1422520502
0.2820000000 1.1354004786
0.2822500000 1.1284211749
0.2825000000 1.1213146018
0.2827500000 1.1140812384
0.2830000000 1.1067215812
0.2832500000 1.0992361433
0.2835000000 1.0916254547
0.2837500000 1.0838900623
0.2840000000 1.0760305295
0.2842500000 1.0680474367
0.2845000000 1.0599413808
0.2847500000 1.0517129753
0.2850000000 1.0433628502
0.2852500000 1.0348916521
0.2855000000 1.0263000440
0.2857500000 1.0175887052
0.2860000000 1.0087583313
0.2862500000 0.9998096342
0.2865000000 0.9907433419
0.2867500000 0.9815601985
0.2870000000 0.9722609640
0.2872500000 0.9628464146
0.2875000000 0.9533173421
0.2877500000 0.9436745542
0.2880000000 0.9339188742
0.2882500000 0.9240511411
0.2885000000 0.9140722093
0.2887500000 0.9039829486
0.2890000000 0.8937842443
0.2892500000 0.8834769969
0.2895000000 0.8730621218
0.2897500000 0.8625405496
0.2900000000 0.8519132259
0.2902500000 0.8411811109
0.2905000000 0.8303451797
0.2907500000 0.8194064220
0.2910000000 0.8083658419
0.2912500000 0.7972244579
0.2915000000 0.7859833028
0.2917500000 0.7746434234
0.2920000000 0.7632058809
0.2922500000 0.7516717499
0.2925000000 0.7400421192
0.2927500000 0.7283180909
0.2930000000 0.7165007809
0.2932500000 0.7045913184
0.2935000000 0.6925908458
0.2937500000 0.6805005186
0.2940000000 0.6683215055
0.2942500000 0.6560549878
0.2945000000 0.6437021596
0.2947500000 0.6312642275
0.2950000000 0.6187424107
0.2952500000 0.6061379405
0.2955000000 0.5934520604
0.2957500000 0.5806860258
0.2960000000 0.5678411040
0.2962500000 0.5549185739
0.2965000000 0.5419197260
0.2967500000 0.5288458621
0.2970000000 0.5156982952
0.2972500000 0.5024783493
0.2975000000 0.4891873593
0.2977500000 0.4758266708
0.2980000000 0.4623976400
0.2982500000 0.4489016334
0.2985000000 0.4353400277
0.2987500000 0.4217142096
0.2990000000 0.4080255759
0.2992500000 0.3942755327
0.2995000000 0.3804654959
0.2997500000 0.3665968907
0.3000000000 0.3526711514
0.3002500000 0.3386897212
0.3005000000 0.3246540522
0.3007500000 0.3105656051
0.3010000000 0.2964258490
0.3012500000 0.2822362612
0.3015000000 0.2679983273
0.3017500000 0.2537135404
0.3020000000 0.2393834015
0.3022500000 0.2250094190
0.3025000000 0.2105931087
0.3027500000 0.1961359935
0.3030000000 0.1816396031
0.3032500000 0.1671054739
0.3035000000 0.1525351489
0.3037500000 0.1379301775
0.3040000000 0.1232921150
0.3042500000 0.1086225229
0.3045000000 0.0939229682
0.3047500000 0.0791950234
0.3050000000 0.0644402666
0.3052500000 0.0496602807
0.3055000000 0.0348566536
0.3057500000 0.0200309781
0.3060000000 0.0051848513
0.3062500000 -0.0096801254
0.3065000000 -0.0245623464
0.3067500000 -0.0394602023
0.3070000000 -0.0543720801
0.3072500000 -0.0692963631
0.3075000000 -0.0842314316
0.3077500000 -0.0991756626
0.3080000000 -0.1141274306
0.3082500000 -0.1290851072
0.3085000000 -0.1440470617
0.3087500000 -0.1590116611
0.3090000000 -0.1739772707
0.3092500000 -0.1889422536
0.3095000000 -0.2039049718
0.3097500000 -0.2188637855
0.3100000000 -0.2338170542
0.3102500000 -0.2487631363
0.3105000000 -0.2637003893
0.3107500000 -0.2786271705
0.3110000000 -0.2935418369
0.3112500000 -0.3084427454
0.3115000000 -0.3233282529
0.3117500000 -0.3381967169
0.3120000000 -0.3530464954
0.3122500000 -0.3678759473
0.3125000000 -0.3826834324
0.3127500000 -0.3974673117
0.3130000000 -0.4122259479
0.3132500000 -0.4269577051
0.3135000000 -0.4416609495
0.3137500000 -0.4563340493
0.3140000000 -0.4709753749
0.3142500000 -0.4855832995
0.3145000000 -0.5001561988
0.3147500000 -0.5146924516
0.3150000000 -0.5291904399
0.3152500000 -0.5436485489
0.3155000000 -0.5580651677
0.3157500000 -0.5724386890
0.3160000000 -0.5867675095
0.3162500000 -0.6010500302
0.3165000000 -0.6152846567
0.3167500000 -0.6294697991
0.3170000000 -0.6436038723
0.3172500000 -0.6576852965
0.3175000000 -0.6717124970
0.3177500000 -0.6856839047
0.3180000000 -0.6995979563
0.3182500000 -0.7134530941
0.3185000000 -0.7272477669
0.3187500000 -0.7409804296
0.3190000000 -0.7546495437
0.3192500000 -0.7682535774
0.3195000000 -0.7817910059
0.3197500000 -0.7952603115
0.3200000000 -0.8086599839
0.3202500000 -0.8219885202
0.3205000000 -0.8352444254
0.3207500000 -0.8484262124
0.3210000000 -0.8615324022
0.3212500000 -0.8745615242
0.3215000000 -0.8875121163
0.3217500000 -0.9003827251
0.3220000000 -0.9131719061
0.3222500000 -0.9258782240
0.3225000000 -0.9385002528
0.3227500000 -0.9510365758
0.3230000000 -0.9634857863
0.3232500000 -0.9758464872
0.3235000000 -0.9881172915
0.3237500000 -1.0002968225
0.3240000000 -1.0123837140
0.3242500000 -1.0243766101
0.3245000000 -1.0362741661
0.3247500000 -1.0480750478
0.3250000000 -1.0597779326
0.3252500000 -1.0713815088
0.3255000000 -1.0828844764
0.3257500000 -1.0942855470
0.3260000000 -1.1055834442
0.3262500000 -1.1167769033
0.3265000000 -1.1278646719
0.3267500000 -1.1388455100
0.3270000000 -1.1497181901
0.3272500000 -1.1604814972
0.3275000000 -1.1711342292
0.3277500000 -1.1816751970
0.3280000000 -1.1921032247
0.3282500000 -1.2024171495
0.3285000000 -1.2126158223
0.3287500000 -1.2226981073
0.3290000000 -1.2326628828
0.3292500000 -1.2425090406
0.3295000000 -1.2522354869
0.3297500000 -1.2618411419
0.3300000000 -1.2713249400
0.3302500000 -1.2806858304
0.3305000000 -1.2899227767
0.3307500000 -1.2990347572
0.3310000000 -1.3080207652
0.3312500000 -1.3168798089
0.3315000000 -1.3256109118
0.3317500000 -1.3342131125
0.3320000000 -1.3426854650
0.3322500000 -1.3510270390
0.3325000000 -1.3592369197
0.3327500000 -1.3673142079
0.3330000000 -1.3752580207
0.3332500000 -1.3830674908
0.3335000000 -1.3907417672
0.3337500000 -1.3982800151
0.3340000000 -1.4056814159
0.3342500000 -1.4129451676
0.3345000000 -1.4200704846
0.3347500000 -1.4270565980
0.3350000000 -1.4339027557
0.3352500000 -1.4406082222
0.3355000000 -1.4471722793
0.3357500000 -1.4535942255
0.3360000000 -1.4598733766
0.3362500000 -1.4660090654
0.3365000000 -1.4720006421
0.3367500000 -1.4778474744
0.3370000000 -1.4835489472
0.3372500000 -1.4891044631
0.3375000000 -1.4945134423
0.3377500000 -1.4997753225
0.3380000000 -1.5048895593
0.3382500000 -1.5098556261
0.3385000000 -1.5146730141
0.3387500000 -1.5193412326
0.3390000000 -1.5238598087
0.3392500000 -1.5282282877
0.3395000000 -1.5324462330
0.3397500000 -1.5365132261
0.3400000000 -1.5404288667
0.3402500000 -1.5441927730
0.3405000000 -1.5478045813
0.3407500000 -1.5512639463
0.3410000000 -1.5545705411
0.3412500000 -1.5577240572
0.3415000000 -1.5607242048
0.3417500000 -1.5635707122
0.3420000000 -1.5662633266
0.3422500000 -1.5688018136
0.3425000000 -1.5711859575
0.3427500000 -1.5734155609
0.3430000000 -1.5754904455
0.3432500000 -1.5774104513
0.3435000000 -1.5791754371
0.3437500000 -1.5807852804
0.3440000000 -1.5822398773
0.3442500000 -1.5835391425
0.3445000000 -1.5846830097
0.3447500000 -1.5856714311
0.3450000000 -1.5865043777
0.3452500000 -1.5871818389
0.3455000000 -1.5877038232
0.3457500000 -1.5880703576
0.3460000000 -1.5882814876
0.3462500000 -1.5883372777
0.3465000000 -1.5882378109
0.3467500000 -1.5879831886
0.3470000000 -1.5875735311
0.3472500000 -1.5870089772
0.3475000000 -1.5862896842
0.3477500000 -1.5854158278
0.3480000000 -1.5843876026
0.3482500000 -1.5832052211
0.3485000000 -1.5818689147
0.3487500000 -1.5803789329
0.3490000000 -1.5787355437
0.3492500000 -1.5769390332
0.3495000000 -1.5749897059
0.3497500000 -1.5728878845
0.3500000000 -1.5706339098
0.3502500000 -1.5682281406
0.3505000000 -1.5656709540
0.3507500000 -1.5629627448
0.3510000000 -1.5601039258
0.3512500000 -1.5570949278
0.3515000000 -1.5539361991
0.3517500000 -1.5506282059
0.3520000000 -1.5471714320
0.3522500000 -1.5435663788
0.3525000000 -1.5398135652
0.3527500000 -1.5359135274
0.3530000000 -1.5318668191
0.3532500000 -1.5276740110
0.3535000000 -1.5233356913
0.3537500000 -1.5188524650
0.3540000000 -1.5142249541
0.3542500000 -1.5094537977
0.3545000000 -1.5045396514
0.3547500000 -1.4994831878
0.3550000000 -1.4942850959
0.3552500000 -1.4889460812
0.3555000000 -1.4834668657
0.3557500000 -1.4778481875
0.3560000000 -1.4720908012
0.3562500000 -1.4661954770
0.3565000000 -1.4601630015
0.3567500000 -1.4539941770
0.3570000000 -1.4476898212
0.3572500000 -1.4412507679
0.3575000000 -1.4346778661
0.3577500000 -1.4279719801
0.3580000000 -1.4211339896
0.3582500000 -1.4141647893
0.3585000000 -1.4070652889
0.3587500000 -1.3998364129
0.3590000000 -1.3924791006
0.3592500000 -1.3849943058
0.3595000000 -1.3773829967
0.3597500000 -1.3696461558
0.3600000000 -1.3617847799
0.3602500000 -1.3537998795
0.3605000000 -1.3456924793
0.3607500000 -1.3374636175
0.3610000000 -1.3291143459
0.3612500000 -1.3206457298
0.3615000000 -1.3120588476
0.3617500000 -1.3033547910
0.3620000000 -1.2945346645
0.3622500000 -1.2855995855
0.3625000000 -1.2765506839
0.3627500000 -1.2673891022
0.3630000000 -1.2581159952
0.3632500000 -1.2487325297
0.3635000000 -1.2392398847
0.3637500000 -1.2296392508
0.3640000000 -1.2199318304
0.3642500000 -1.2101188374
0.3645000000 -1.2002014967
0.3647500000 -1.1901810448
0.3650000000 -1.1800587286
0.3652500000 -1.1698358064
0.3655000000 -1.1595135465
0.3657500000 -1.1490932279
0.3660000000 -1.1385761400
0.3662500000 -1.1279635820
0.3665000000 -1.1172568630
0.3667500000 -1.1064573019
0.3670000000 -1.0955662271
0.3672500000 -1.0845849762
0.3675000000 -1.0735148960
0.3677500000 -1.0623573422
0.3680000000 -1.0511136794
0.3682500000 -1.0397852806
0.3685000000 -1.0283735273
0.3687500000 -1.0168798089
0.3690000000 -1.0053055232
0.3692500000 -0.9936520755
0.3695000000 -0.9819208787
0.3697500000 -0.9701133533
0.3700000000 -0.9582309267
0.3702500000 -0.9462750335
0.3705000000 -0.9342471151
0.3707500000 -0.9221486193
0.3710000000 -0.9099810007
0.3712500000 -0.8977457196
0.3715000000 -0.8854442427
0.3717500000 -0.8730780423
0.3720000000 -0.8606485962
0.3722500000 -0.8481573879
0.3725000000 -0.8356059057
0.3727500000 -0.8229956432
0.3730000000 -0.8103280985
0.3732500000 -0.7976047745
0.3735000000 -0.7848271783
0.3737500000 -0.7719968212
0.3740000000 -0.7591152183
0.3742500000 -0.7461838888
0.3745000000 -0.7332043550
0.3747500000 -0.7201781429
0.3750000000 -0.7071067812
0.3752500000 -0.6939918018
0.3755000000 -0.6808347393
0.3757500000 -0.6676371306
0.3760000000 -0.6544005150
0.3762500000 -0.6411264338
0.3765000000 -0.6278164302
0.3767500000 -0.6144720490
0.3770000000 -0.6010948364
0.3772500000 -0.5876863400
0.3775000000 -0.5742481082
0.3777500000 -0.5607816903
0.3780000000 -0.5472886363
0.3782500000 -0.5337704963
0.3785000000 -0.5202288210
0.3787500000 -0.5066651606
0.3790000000 -0.4930810653
0.3792500000 -0.4794780850
0.3795000000 -0.4658577688
0.3797500000 -0.4522216647
0.3800000000 -0.4385713200
0.3802500000 -0.4249082805
0.3805000000 -0.4112340907
0.3807500000 -0.3975502933
0.3810000000 -0.3838584289
0.3812500000 -0.3701600364
0.3815000000 -0.3564566521
0.3817500000 -0.3427498099
0.3820000000 -0.3290410411
0.3822500000 -0.3153318737
0.3825000000 -0.3016238331
0.3827500000 -0.2879184410
0.3830000000 -0.2742172156
0.3832500000 -0.2605216717
0.3835000000 -0.2468333198
0.3837500000 -0.2331536666
0.3840000000 -0.2194842141
0.3842500000 -0.2058264602
0.3845000000 -0.1921818979
0.3847500000 -0.1785520152
0.3850000000 -0.1649382953
0.3852500000 -0.1513422157
0.3855000000 -0.1377652489
0.3857500000 -0.1242088613
0.3860000000 -0.1106745136
0.3862500000 -0.0971636606
0.3865000000 -0.0836777506
0.3867500000 -0.0702182256
0.3870000000 -0.0567865212
0.3872500000 -0.0433840657
0.3875000000 -0.0300122810
0.3877500000 -0.0166725814
0.3880000000 -0.0033663741
0.3882500000 0.0099049414
0.3885000000 0.0231399730
0.3887500000 0.0363373368
0.3890000000 0.0494956567
0.3892500000 0.0626135650
0.3895000000 0.0756897023
0.3897500000 0.0887227177
0.3900000000 0.1017112692
0.3902500000 0.1146540235
0.3905000000 0.1275496566
0.3907500000 0.1403968536
0.3910000000 0.1531943089
0.3912500000 0.1659407266
0.3915000000 0.1786348204
0.3917500000 0.1912753141
0.3920000000 0.2038609413
0.3922500000 0.2163904458
0.3925000000 0.2288625818
0.3927500000 0.2412761141
0.3930000000 0.2536298179
0.3932500000 0.2659224794
0.3935000000 0.2781528956
0.3937500000 0.2903198746
0.3940000000 0.3024222358
0.3942500000 0.3144588100
0.3945000000 0.3264284392
0.3947500000 0.3383299775
0.3950000000 0.3501622903
0.3952500000 0.3619242552
0.3955000000 0.3736147618
0.3957500000 0.3852327118
0.3960000000 0.3967770192
0.3962500000 0.4082466106
0.3965000000 0.4196404248
0.3967500000 0.4309574135
0.3970000000 0.4421965412
0.3972500000 0.4533567851
0.3975000000 0.4644371358
0.3977500000 0.4754365965
0.3980000000 0.4863541840
0.3982500000 0.4971889285
0.3985000000 0.5079398734
0.3987500000 0.5186060758
0.3990000000 0.5291866064
0.3992500000 0.5396805498
0.3995000000 0.5500870042
0.3997500000 0.5604050821
0.4000000000 0.5706339098
