0.0000000000 0.4000000000
0.0002500000 0.4000165311
0.0005000000 0.4000661189
0.0007500000 0.4001487466
0.0010000000 0.4002643864
0.0012500000 0.4004129992
0.0015000000 0.4005945348
0.0017500000 0.4008089320
0.0020000000 0.4010561182
0.0022500000 0.4013360101
0.0025000000 0.4016485129
0.0027500000 0.4019935211
0.0030000000 0.4023709178
0.0032500000 0.4027805752
0.0035000000 0.4032223547
0.0037500000 0.4036961065
0.0040000000 0.4042016699
0.0042500000 0.4047388732
0.0045000000 0.4053075340
0.0047500000 0.4059074590
0.0050000000 0.4065384439
0.0052500000 0.4072002739
0.0055000000 0.4078927232
0.0057500000 0.4086155555
0.0060000000 0.4093685239
0.0062500000 0.4101513706
0.0065000000 0.4109638276
0.0067500000 0.4118056162
0.0070000000 0.4126764473
0.0072500000 0.4135760215
0.0075000000 0.4145040289
0.0077500000 0.4154601494
0.0080000000 0.4164440527
0.0082500000 0.4174553984
0.0085000000 0.4184938360
0.0087500000 0.4195590050
0.0090000000 0.4206505347
0.0092500000 0.4217680450
0.0095000000 0.4229111455
0.0097500000 0.4240794365
0.0100000000 0.4252725083
0.0102500000 0.4264899418
0.0105000000 0.4277313085
0.0107500000 0.4289961703
0.0110000000 0.4302840799
0.0112500000 0.4315945806
0.0115000000 0.4329272068
0.0117500000 0.4342814836
0.0120000000 0.4356569273
0.0122500000 0.4370530452
0.0125000000 0.4384693359
0.0127500000 0.4399052892
0.0130000000 0.4413603865
0.0132500000 0.4428341005
0.0135000000 0.4443258957
0.0137500000 0.4458352282
0.0140000000 0.4473615459
0.0142500000 0.4489042887
0.0145000000 0.4504628885
0.0147500000 0.4520367694
0.0150000000 0.4536253477
0.0152500000 0.4552280321
0.0155000000 0.4568442238
0.0157500000 0.4584733164
0.0160000000 0.4601146966
0.0162500000 0.4617677435
0.0165000000 0.4634318296
0.0167500000 0.4651063201
0.0170000000 0.4667905736
0.0172500000 0.4684839419
0.0175000000 0.4701857705
0.0177500000 0.4718953982
0.0180000000 0.4736121576
0.0182500000 0.4753353753
0.0185000000 0.4770643715
0.0187500000 0.4787984609
0.0190000000 0.4805369522
0.0192500000 0.4822791485
0.0195000000 0.4840243475
0.0197500000 0.4857718415
0.0200000000 0.4875209174
0.0202500000 0.4892708573
0.0205000000 0.4910209382
0.0207500000 0.4927704324
0.0210000000 0.4945186074
0.0212500000 0.4962647264
0.0215000000 0.4980080480
0.0217500000 0.4997478268
0.0220000000 0.5014833131
0.0222500000 0.5032137535
0.0225000000 0.5049383907
0.0227500000 0.5066564637
0.0230000000 0.5083672082
0.0232500000 0.5100698565
0.0235000000 0.5117636377
0.0237500000 0.5134477778
0.0240000000 0.5151215002
0.0242500000 0.5167840253
0.0245000000 0.5184345710
0.0247500000 0.5200723530
0.0250000000 0.5216965846
0.0252500000 0.5233064768
0.0255000000 0.5249012391
0.0257500000 0.5264800789
0.0260000000 0.5280422022
0.0262500000 0.5295868132
0.0265000000 0.5311131153
0.0267500000 0.5326203103
0.0270000000 0.5341075994
0.0272500000 0.5355741826
0.0275000000 0.5370192596
0.0277500000 0.5384420293
0.0280000000 0.5398416906
0.0282500000 0.5412174420
0.0285000000 0.5425684819
0.0287500000 0.5438940092
0.0290000000 0.5451932227
0.0292500000 0.5464653221
0.0295000000 0.5477095074
0.0297500000 0.5489249796
0.0300000000 0.5501109406
0.0302500000 0.5512665934
0.0305000000 0.5523911424
0.0307500000 0.5534837935
0.0310000000 0.5545437539
0.0312500000 0.5555702330
0.0315000000 0.5565624419
0.0317500000 0.5575195939
0.0320000000 0.5584409046
0.0322500000 0.5593255919
0.0325000000 0.5601728764
0.0327500000 0.5609819816
0.0330000000 0.5617521337
0.0332500000 0.5624825621
0.0335000000 0.5631724994
0.0337500000 0.5638211816
0.0340000000 0.5644278485
0.0342500000 0.5649917433
0.0345000000 0.5655121134
0.0347500000 0.5659882099
0.0350000000 0.5664192885
0.0352500000 0.5668046090
0.0355000000 0.5671434358
0.0357500000 0.5674350381
0.0360000000 0.5676786898
0.0362500000 0.5678736698
0.0365000000 0.5680192624
0.0367500000 0.5681147568
0.0370000000 0.5681594481
0.0372500000 0.5681526367
0.0375000000 0.5680936290
0.0377500000 0.5679817371
0.0380000000 0.5678162794
0.0382500000 0.5675965804
0.0385000000 0.5673219710
0.0387500000 0.5669917887
0.0390000000 0.5666053776
0.0392500000 0.5661620886
0.0395000000 0.5656612796
0.0397500000 0.5651023158
0.0400000000 0.5644845693
0.0402500000 0.5638074199
0.0405000000 0.5630702549
0.0407500000 0.5622724691
0.0410000000 0.5614134653
0.0412500000 0.5604926543
0.0415000000 0.5595094549
0.0417500000 0.5584632941
0.0420000000 0.5573536074
0.0422500000 0.5561798388
0.0425000000 0.5549414408
0.0427500000 0.5536378749
0.0430000000 0.5522686113
0.0432500000 0.5508331293
0.0435000000 0.5493309174
0.0437500000 0.5477614734
0.0440000000 0.5461243044
0.0442500000 0.5444189272
0.0445000000 0.5426448681
0.0447500000 0.5408016633
0.0450000000 0.5388888589
0.0452500000 0.5369060108
0.0455000000 0.5348526854
0.0457500000 0.5327284590
0.0460000000 0.5305329184
0.0462500000 0.5282656610
0.0465000000 0.5259262946
0.0467500000 0.5235144377
0.0470000000 0.5210297196
0.0472500000 0.5184717807
0.0475000000 0.5158402722
0.0477500000 0.5131348563
0.0480000000 0.5103552068
0.0482500000 0.5075010084
0.0485000000 0.5045719573
0.0487500000 0.5015677614
0.0490000000 0.4984881400
0.0492500000 0.4953328241
0.0495000000 0.4921015565
0.0497500000 0.4887940918
0.0500000000 0.4854101966
0.0502500000 0.4819496495
0.0505000000 0.4784122413
0.0507500000 0.4747977747
0.0510000000 0.4711060649
0.0512500000 0.4673369395
0.0515000000 0.4634902384
0.0517500000 0.4595658138
0.0520000000 0.4555635308
0.0522500000 0.4514832669
0.0525000000 0.4473249123
0.0527500000 0.4430883701
0.0530000000 0.4387735560
0.0532500000 0.4343803987
0.0535000000 0.4299088398
0.0537500000 0.4253588340
0.0540000000 0.4207303488
0.0542500000 0.4160233650
0.0545000000 0.4112378765
0.0547500000 0.4063738902
0.0550000000 0.4014314265
0.0552500000 0.3964105189
0.0555000000 0.3913112143
0.0557500000 0.3861335729
0.0560000000 0.3808776684
0.0562500000 0.3755435878
0.0565000000 0.3701314315
0.0567500000 0.3646413136
0.0570000000 0.3590733616
0.0572500000 0.3534277164
0.0575000000 0.3477045328
0.0577500000 0.3419039789
0.0580000000 0.3360262365
0.0582500000 0.3300715010
0.0585000000 0.3240399815
0.0587500000 0.3179319006
0.0590000000 0.3117474947
0.0592500000 0.3054870138
0.0595000000 0.2991507216
0.0597500000 0.2927388955
0.0600000000 0.2862518264
0.0602500000 0.2796898191
0.0605000000 0.2730531920
0.0607500000 0.2663422770
0.0610000000 0.2595574199
0.0612500000 0.2526989800
0.0615000000 0.2457673302
0.0617500000 0.2387628571
0.0620000000 0.2316859609
0.0622500000 0.2245370553
0.0625000000 0.2173165676
0.0627500000 0.2100249387
0.0630000000 0.2026626229
0.0632500000 0.1952300881
0.0635000000 0.1877278154
0.0637500000 0.1801562995
0.0640000000 0.1725160486
0.0642500000 0.1648075840
0.0645000000 0.1570314403
0.0647500000 0.1491881656
0.0650000000 0.1412783210
0.0652500000 0.1333024809
0.0655000000 0.1252612326
0.0657500000 0.1171551767
0.0660000000 0.1089849266
0.0662500000 0.1007511089
0.0665000000 0.0924543630
0.0667500000 0.0840953410
0.0670000000 0.0756747079
0.0672500000 0.0671931415
0.0675000000 0.0586513320
0.0677500000 0.0500499823
0.0680000000 0.0413898080
0.0682500000 0.0326715367
0.0685000000 0.0238959088
0.0687500000 0.0150636768
0.0690000000 0.0061756051
0.0692500000 -0.0027675292
0.0695000000 -0.0117649375
0.0697500000 -0.0208158188
0.0700000000 -0.0299193608
0.0702500000 -0.0390747388
0.0705000000 -0.0482811169
0.0707500000 -0.0575376474
0.0710000000 -0.0668434712
0.0712500000 -0.0761977178
0.0715000000 -0.0855995054
0.0717500000 -0.0950479410
0.0720000000 -0.1045421205
0.0722500000 -0.1140811289
0.0725000000 -0.1236640403
0.0727500000 -0.1332899181
0.0730000000 -0.1429578150
0.0732500000 -0.1526667732
0.0735000000 -0.1624158244
0.0737500000 -0.1722039902
0.0740000000 -0.1820302819
0.0742500000 -0.1918937007
0.0745000000 -0.2017932380
0.0747500000 -0.2117278753
0.0750000000 -0.2216965846
0.0752500000 -0.2316983280
0.0755000000 -0.2417320586
0.0757500000 -0.2517967199
0.0760000000 -0.2618912465
0.0762500000 -0.2720145638
0.0765000000 -0.2821655884
0.0767500000 -0.2923432281
0.0770000000 -0.3025463824
0.0772500000 -0.3127739419
0.0775000000 -0.3230247891
0.0777500000 -0.3332977986
0.0780000000 -0.3435918365
0.0782500000 -0.3539057613
0.0785000000 -0.3642384239
0.0787500000 -0.3745886673
0.0790000000 -0.3849553275
0.0792500000 -0.3953372329
0.0795000000 -0.4057332050
0.0797500000 -0.4161420583
0.0800000000 -0.4265626005
0.0802500000 -0.4369936327
0.0805000000 -0.4474339496
0.0807500000 -0.4578823394
0.0810000000 -0.4683375844
0.0812500000 -0.4787984609
0.0815000000 -0.4892637393
0.0817500000 -0.4997321844
0.0820000000 -0.5102025556
0.0822500000 -0.5206736069
0.0825000000 -0.5311440874
0.0827500000 -0.5416127409
0.0830000000 -0.5520783067
0.0832500000 -0.5625395195
0.0835000000 -0.5729951095
0.0837500000 -0.5834438026
0.0840000000 -0.5938843207
0.0842500000 -0.6043153819
0.0845000000 -0.6147357004
0.0847500000 -0.6251439871
0.0850000000 -0.6355389492
0.0852500000 -0.6459192912
0.0855000000 -0.6562837143
0.0857500000 -0.6666309170
0.0860000000 -0.6769595952
0.0862500000 -0.6872684422
0.0865000000 -0.6975561494
0.0867500000 -0.7078214059
0.0870000000 -0.7180628990
0.0872500000 -0.7282793143
0.0875000000 -0.7384693359
0.0877500000 -0.7486316467
0.0880000000 -0.7587649284
0.0882500000 -0.7688678618
0.0885000000 -0.7789391271
0.0887500000 -0.7889774036
0.0890000000 -0.7989813707
0.0892500000 -0.8089497075
0.0895000000 -0.8188810929
0.0897500000 -0.8287742063
0.0900000000 -0.8386277275
0.0902500000 -0.8484403369
0.0905000000 -0.8582107157
0.0907500000 -0.8679375460
0.0910000000 -0.8776195113
0.0912500000 -0.8872552963
0.0915000000 -0.8968435875
0.0917500000 -0.9063830731
0.0920000000 -0.9158724432
0.0922500000 -0.9253103902
0.0925000000 -0.9346956087
0.0927500000 -0.9440267961
0.0930000000 -0.9533026523
0.0932500000 -0.9625218805
0.0935000000 -0.9716831867
0.0937500000 -0.9807852804
0.0940000000 -0.9898268747
0.0942500000 -0.9988066862
0.0945000000 -1.0077234358
0.0947500000 -1.0165758481
0.0950000000 -1.0253626523
0.0952500000 -1.0340825821
0.0955000000 -1.0427343756
0.0957500000 -1.0513167763
0.0960000000 -1.0598285322
0.0962500000 -1.0682683971
0.0965000000 -1.0766351299
0.0967500000 -1.0849274952
0.0970000000 -1.0931442637
0.0972500000 -1.1012842119
0.0975000000 -1.1093461225
0.0977500000 -1.1173287847
0.0980000000 -1.1252309944
0.0982500000 -1.1330515540
0.0985000000 -1.1407892732
0.0987500000 -1.1484429685
0.0990000000 -1.1560114641
0.0992500000 -1.1634935915
0.0995000000 -1.1708881900
0.0997500000 -1.1781941066
0.1000000000 -1.1854101966
0.1002500000 -1.1925353235
0.1005000000 -1.1995683592
0.1007500000 -1.2065081841
0.1010000000 -1.2133536876
0.1012500000 -1.2201037679
0.1015000000 -1.2267573323
0.1017500000 -1.2333132976
0.1020000000 -1.2397705899
0.1022500000 -1.2461281450
0.1025000000 -1.2523849087
0.1027500000 -1.2585398365
0.1030000000 -1.2645918943
0.1032500000 -1.2705400581
0.1035000000 -1.2763833148
0.1037500000 -1.2821206614
0.1040000000 -1.2877511062
0.1042500000 -1.2932736683
0.1045000000 -1.2986873780
0.1047500000 -1.3039912767
0.1050000000 -1.3091844176
0.1052500000 -1.3142658652
0.1055000000 -1.3192346960
0.1057500000 -1.3240899984
0.1060000000 -1.3288308728
0.1062500000 -1.3334564318
0.1065000000 -1.3379658005
0.1067500000 -1.3423581164
0.1070000000 -1.3466325298
0.1072500000 -1.3507882037
0.1075000000 -1.3548243142
0.1077500000 -1.3587400504
0.1080000000 -1.3625346146
0.1082500000 -1.3662072225
0.1085000000 -1.3697571033
0.1087500000 -1.3731835000
0.1090000000 -1.3764856692
0.1092500000 -1.3796628813
0.1095000000 -1.3827144211
0.1097500000 -1.3856395873
0.1100000000 -1.3884376927
0.1102500000 -1.3911080650
0.1105000000 -1.3936500461
0.1107500000 -1.3960629925
0.1110000000 -1.3983462756
0.1112500000 -1.4004992816
0.1115000000 -1.4025214118
0.1117500000 -1.4044120824
0.1120000000 -1.4061707251
0.1122500000 -1.4077967866
0.1125000000 -1.4092897291
0.1127500000 -1.4106490306
0.1130000000 -1.4118741843
0.1132500000 -1.4129646993
0.1135000000 -1.4139201007
0.1137500000 -1.4147399291
0.1140000000 -1.4154237415
0.1142500000 -1.4159711108
0.1145000000 -1.4163816261
0.1147500000 -1.4166548926
0.1150000000 -1.4167905322
0.1152500000 -1.4167881829
0.1155000000 -1.4166474994
0.1157500000 -1.4163681528
0.1160000000 -1.4159498310
0.1162500000 -1.4153922386
0.1165000000 -1.4146950968
0.1167500000 -1.4138581441
0.1170000000 -1.4128811354
0.1172500000 -1.4117638430
0.1175000000 -1.4105060559
0.1177500000 -1.4091075805
0.1180000000 -1.4075682401
0.1182500000 -1.4058878754
0.1185000000 -1.4040663444
0.1187500000 -1.4021035221
0.1190000000 -1.3999993011
0.1192500000 -1.3977535914
0.1195000000 -1.3953663204
0.1197500000 -1.3928374328
0.1200000000 -1.3901668911
0.1202500000 -1.3873546750
0.1205000000 -1.3844007822
0.1207500000 -1.3813052275
0.1210000000 -1.3780680438
0.1212500000 -1.3746892813
0.1215000000 -1.3711690081
0.1217500000 -1.3675073097
0.1220000000 -1.3637042896
0.1222500000 -1.3597600689
0.1225000000 -1.3556747864
0.1227500000 -1.3514485986
0.1230000000 -1.3470816798
0.1232500000 -1.3425742221
0.1235000000 -1.3379264351
0.1237500000 -1.3331385465
0.1240000000 -1.3282108014
0.1242500000 -1.3231434628
0.1245000000 -1.3179368113
0.1247500000 -1.3125911454
0.1250000000 -1.3071067812
0.1252500000 -1.3014840523
0.1255000000 -1.2957233102
0.1257500000 -1.2898249238
0.1260000000 -1.2837892799
0.1262500000 -1.2776167826
0.1265000000 -1.2713078537
0.1267500000 -1.2648629324
0.1270000000 -1.2582824755
0.1272500000 -1.2515669572
0.1275000000 -1.2447168691
0.1277500000 -1.2377327202
0.1280000000 -1.2306150366
0.1282500000 -1.2233643620
0.1285000000 -1.2159812571
0.1287500000 -1.2084662997
0.1290000000 -1.2008200851
0.1292500000 -1.1930432251
0.1295000000 -1.1851363490
0.1297500000 -1.1771001027
0.1300000000 -1.1689351490
0.1302500000 -1.1606421676
0.1305000000 -1.1522218550
0.1307500000 -1.1436749241
0.1310000000 -1.1350021047
0.1312500000 -1.1262041428
0.1315000000 -1.1172818010
0.1317500000 -1.1082358582
0.1320000000 -1.0990671096
0.1322500000 -1.0897763664
0.1325000000 -1.0803644562
0.1327500000 -1.0708322224
0.1330000000 -1.0611805242
0.1332500000 -1.0514102367
0.1335000000 -1.0415222508
0.1337500000 -1.0315174730
0.1340000000 -1.0213968250
0.1342500000 -1.0111612444
0.1345000000 -1.0008116835
0.1347500000 -0.9903491104
0.1350000000 -0.9797745078
0.1352500000 -0.9690888735
0.1355000000 -0.9582932202
0.1357500000 -0.9473885752
0.1360000000 -0.9363759806
0.1362500000 -0.9252564928
0.1365000000 -0.9140311826
0.1367500000 -0.9027011350
0.1370000000 -0.8912674492
0.1372500000 -0.8797312382
0.1375000000 -0.8680936290
0.1377500000 -0.8563557621
0.1380000000 -0.8445187919
0.1382500000 -0.8325838858
0.1385000000 -0.8205522247
0.1387500000 -0.8084250027
0.1390000000 -0.7962034269
0.1392500000 -0.7838887169
0.1395000000 -0.7714821055
0.1397500000 -0.7589848376
0.1400000000 -0.7463981708
0.1402500000 -0.7337233749
0.1405000000 -0.7209617316
0.1407500000 -0.7081145346
0.1410000000 -0.6951830895
0.1412500000 -0.6821687134
0.1415000000 -0.6690727348
0.1417500000 -0.6558964936
0.1420000000 -0.6426413406
0.1422500000 -0.6293086378
0.1425000000 -0.6158997577
0.1427500000 -0.6024160836
0.1430000000 -0.5888590093
0.1432500000 -0.5752299384
0.1435000000 -0.5615302852
0.1437500000 -0.5477614734
0.1440000000 -0.5339249366
0.1442500000 -0.5200221181
0.1445000000 -0.5060544702
0.1447500000 -0.4920234546
0.1450000000 -0.4779305420
0.1452500000 -0.4637772119
0.1455000000 -0.4495649522
0.1457500000 -0.4352952595
0.1460000000 -0.4209696385
0.1462500000 -0.4065896019
0.1465000000 -0.3921566704
0.1467500000 -0.3776723722
0.1470000000 -0.3631382430
0.1472500000 -0.3485558258
0.1475000000 -0.3339266707
0.1477500000 -0.3192523345
0.1480000000 -0.3045343810
0.1482500000 -0.2897743800
0.1485000000 -0.2749739080
0.1487500000 -0.2601345474
0.1490000000 -0.2452578863
0.1492500000 -0.2303455187
0.1495000000 -0.2153990440
0.1497500000 -0.2004200668
0.1500000000 -0.1854101966
0.1502500000 -0.1703710481
0.1505000000 -0.1553042402
0.1507500000 -0.1402113965
0.1510000000 -0.1250941447
0.1512500000 -0.1099541165
0.1515000000 -0.0947929475
0.1517500000 -0.0796122767
0.1520000000 -0.0644137464
0.1522500000 -0.0491990024
0.1525000000 -0.0339696930
0.1527500000 -0.0187274696
0.1530000000 -0.0034739858
0.1532500000 0.0117891023
0.1535000000 0.0270601367
0.1537500000 0.0423374573
0.1540000000 0.0576194026
0.1542500000 0.0729043096
0.1545000000 0.0881905140
0.1547500000 0.1034763506
0.1550000000 0.1187601533
0.1552500000 0.1340402557
0.1555000000 0.1493149907
0.1557500000 0.1645826913
0.1560000000 0.1798416907
0.1562500000 0.1950903220
0.1565000000 0.2103269193
0.1567500000 0.2255498171
0.1570000000 0.2407573510
0.1572500000 0.2559478578
0.1575000000 0.2711196756
0.1577500000 0.2862711441
0.1580000000 0.3014006051
0.1582500000 0.3165064020
0.1585000000 0.3315868809
0.1587500000 0.3466403900
0.1590000000 0.3616652805
0.1592500000 0.3766599062
0.1595000000 0.3916226243
0.1597500000 0.4065517953
0.1600000000 0.4214457831
0.1602500000 0.4363029555
0.1605000000 0.4511216842
0.1607500000 0.4659003450
0.1610000000 0.4806373185
0.1612500000 0.4953309894
0.1615000000 0.5099797476
0.1617500000 0.5245819878
0.1620000000 0.5391361102
0.1622500000 0.5536405202
0.1625000000 0.5680936290
0.1627500000 0.5824938537
0.1630000000 0.5968396173
0.1632500000 0.6111293494
0.1635000000 0.6253614858
0.1637500000 0.6395344691
0.1640000000 0.6536467489
0.1642500000 0.6676967816
0.1645000000 0.6816830313
0.1647500000 0.6956039693
0.1650000000 0.7094580747
0.1652500000 0.7232438345
0.1655000000 0.7369597439
0.1657500000 0.7506043062
0.1660000000 0.7641760334
0.1662500000 0.7776734460
0.1665000000 0.7910950734
0.1667500000 0.8044394541
0.1670000000 0.8177051360
0.1672500000 0.8308906763
0.1675000000 0.8439946417
0.1677500000 0.8570156090
0.1680000000 0.8699521649
0.1682500000 0.8828029061
0.1685000000 0.8955664401
0.1687500000 0.9082413844
0.1690000000 0.9208263677
0.1692500000 0.9333200294
0.1695000000 0.9457210199
0.1697500000 0.9580280011
0.1700000000 0.9702396461
0.1702500000 0.9823546398
0.1705000000 0.9943716788
0.1707500000 1.0062894715
0.1710000000 1.0181067385
0.1712500000 1.0298222129
0.1715000000 1.0414346398
0.1717500000 1.0529427773
0.1720000000 1.0643453961
0.1722500000 1.0756412797
0.1725000000 1.0868292248
0.1727500000 1.0979080413
0.1730000000 1.1088765526
0.1732500000 1.1197335953
0.1735000000 1.1304780201
0.1737500000 1.1411086912
0.1740000000 1.1516244869
0.1742500000 1.1620242995
0.1745000000 1.1723070358
0.1747500000 1.1824716167
0.1750000000 1.1925169778
0.1752500000 1.2024420694
0.1755000000 1.2122458563
0.1757500000 1.2219273187
0.1760000000 1.2314854514
0.1762500000 1.2409192647
0.1765000000 1.2502277841
0.1767500000 1.2594100503
0.1770000000 1.2684651199
0.1772500000 1.2773920651
0.1775000000 1.2861899736
0.1777500000 1.2948579494
0.1780000000 1.3033951121
0.1782500000 1.3118005977
0.1785000000 1.3200735583
0.1787500000 1.3282131624
0.1790000000 1.3362185948
0.1792500000 1.3440890570
0.1795000000 1.3518237669
0.1797500000 1.3594219594
0.1800000000 1.3668828859
0.1802500000 1.3742058150
0.1805000000 1.3813900320
0.1807500000 1.3884348396
0.1810000000 1.3953395573
0.1812500000 1.4021035221
0.1815000000 1.4087260882
0.1817500000 1.4152066273
0.1820000000 1.4215445285
0.1822500000 1.4277391983
0.1825000000 1.4337900610
0.1827500000 1.4396965586
0.1830000000 1.4454581507
0.1832500000 1.4510743147
0.1835000000 1.4565445459
0.1837500000 1.4618683575
0.1840000000 1.4670452808
0.1842500000 1.4720748648
0.1845000000 1.4769566769
0.1847500000 1.4816903025
0.1850000000 1.4862753450
0.1852500000 1.4907114262
0.1855000000 1.4949981859
0.1857500000 1.4991352826
0.1860000000 1.5031223926
0.1862500000 1.5069592109
0.1865000000 1.5106454506
0.1867500000 1.5141808434
0.1870000000 1.5175651393
0.1872500000 1.5207981067
0.1875000000 1.5238795325
0.1877500000 1.5268092222
0.1880000000 1.5295869995
0.1882500000 1.5322127067
0.1885000000 1.5346862048
0.1887500000 1.5370073730
0.1890000000 1.5391761091
0.1892500000 1.5411923295
0.1895000000 1.5430559690
0.1897500000 1.5447669809
0.1900000000 1.5463253371
0.1902500000 1.5477310277
0.1905000000 1.5489840616
0.1907500000 1.5500844660
0.1910000000 1.5510322864
0.1912500000 1.5518275869
0.1915000000 1.5524704499
0.1917500000 1.5529609762
0.1920000000 1.5532992848
0.1922500000 1.5534855132
0.1925000000 1.5535198171
0.1927500000 1.5534023703
0.1930000000 1.5531333649
0.1932500000 1.5527130112
0.1935000000 1.5521415375
0.1937500000 1.5514191902
0.1940000000 1.5505462337
0.1942500000 1.5495229505
0.1945000000 1.5483496407
0.1947500000 1.5470266227
0.1950000000 1.5455542321
0.1952500000 1.5439328228
0.1955000000 1.5421627661
0.1957500000 1.5402444509
0.1960000000 1.5381782837
0.1962500000 1.5359646884
0.1965000000 1.5336041064
0.1967500000 1.5310969963
0.1970000000 1.5284438339
0.1972500000 1.5256451124
0.1975000000 1.5227013418
0.1977500000 1.5196130492
0.1980000000 1.5163807787
0.1982500000 1.5130050912
0.1985000000 1.5094865640
0.1987500000 1.5058257915
0.1990000000 1.5020233844
0.1992500000 1.4980799697
0.1995000000 1.4939961911
0.1997500000 1.4897727081
0.2000000000 1.4854101966
0.2002500000 1.4809093486
0.2005000000 1.4762708717
0.2007500000 1.4714954895
0.2010000000 1.4665839413
0.2012500000 1.4615369819
0.2015000000 1.4563553816
0.2017500000 1.4510399259
0.2020000000 1.4455914157
0.2022500000 1.4400106668
0.2025000000 1.4342985102
0.2027500000 1.4284557914
0.2030000000 1.4224833709
0.2032500000 1.4163821236
0.2035000000 1.4101529389
0.2037500000 1.4037967205
0.2040000000 1.3973143862
0.2042500000 1.3907068678
0.2045000000 1.3839751112
0.2047500000 1.3771200757
0.2050000000 1.3701427344
0.2052500000 1.3630440740
0.2055000000 1.3558250940
0.2057500000 1.3484868076
0.2060000000 1.3410302406
0.2062500000 1.3334564318
0.2065000000 1.3257664327
0.2067500000 1.3179613072
0.2070000000 1.3100421318
0.2072500000 1.3020099950
0.2075000000 1.2938659974
0.2077500000 1.2856112514
0.2080000000 1.2772468814
0.2082500000 1.2687740230
0.2085000000 1.2601938234
0.2087500000 1.2515074409
0.2090000000 1.2427160450
0.2092500000 1.2338208158
0.2095000000 1.2248229445
0.2097500000 1.2157236323
0.2100000000 1.2065240912
0.2102500000 1.1972255432
0.2105000000 1.1878292203
0.2107500000 1.1783363641
0.2110000000 1.1687482263
0.2112500000 1.1590660675
0.2115000000 1.1492911581
0.2117500000 1.1394247770
0.2120000000 1.1294682126
0.2122500000 1.1194227615
0.2125000000 1.1092897291
0.2127500000 1.0990704291
0.2130000000 1.0887661832
0.2132500000 1.0783783211
0.2135000000 1.0679081804
0.2137500000 1.0573571061
0.2140000000 1.0467264507
0.2142500000 1.0360175737
0.2145000000 1.0252318417
0.2147500000 1.0143706281
0.2150000000 1.0034353129
0.2152500000 0.9924272824
0.2155000000 0.9813479292
0.2157500000 0.9701986518
0.2160000000 0.9589808545
0.2162500000 0.9476959472
0.2165000000 0.9363453454
0.2167500000 0.9249304694
0.2170000000 0.9134527449
0.2172500000 0.9019136022
0.2175000000 0.8903144761
0.2177500000 0.8786568059
0.2180000000 0.8669420351
0.2182500000 0.8551716112
0.2185000000 0.8433469853
0.2187500000 0.8314696123
0.2190000000 0.8195409503
0.2192500000 0.8075624608
0.2195000000 0.7955356078
0.2197500000 0.7834618586
0.2200000000 0.7713426827
0.2202500000 0.7591795520
0.2205000000 0.7469739406
0.2207500000 0.7347273245
0.2210000000 0.7224411815
0.2212500000 0.7101169907
0.2215000000 0.6977562329
0.2217500000 0.6853603897
0.2220000000 0.6729309437
0.2222500000 0.6604693781
0.2225000000 0.6479771768
0.2227500000 0.6354558240
0.2230000000 0.6229068037
0.2232500000 0.6103316000
0.2235000000 0.5977316968
0.2237500000 0.5851085771
0.2240000000 0.5724637236
0.2242500000 0.5597986179
0.2245000000 0.5471147403
0.2247500000 0.5344135700
0.2250000000 0.5216965846
0.2252500000 0.5089652599
0.2255000000 0.4962210699
0.2257500000 0.4834654863
0.2260000000 0.4706999787
0.2262500000 0.4579260139
0.2265000000 0.4451450562
0.2267500000 0.4323585668
0.2270000000 0.4195680039
0.2272500000 0.4067748223
0.2275000000 0.3939804734
0.2277500000 0.3811864047
0.2280000000 0.3683940601
0.2282500000 0.3556048791
0.2285000000 0.3428202970
0.2287500000 0.3300417448
0.2290000000 0.3172706487
0.2292500000 0.3045084300
0.2295000000 0.2917565051
0.2297500000 0.2790162849
0.2300000000 0.2662891753
0.2302500000 0.2535765763
0.2305000000 0.2408798822
0.2307500000 0.2282004813
0.2310000000 0.2155397558
0.2312500000 0.2028990816
0.2315000000 0.1902798282
0.2317500000 0.1776833580
0.2320000000 0.1651110271
0.2322500000 0.1525641842
0.2325000000 0.1400441709
0.2327500000 0.1275523213
0.2330000000 0.1150899623
0.2332500000 0.1026584127
0.2335000000 0.0902589836
0.2337500000 0.0778929779
0.2340000000 0.0655616906
0.2342500000 0.0532664080
0.2345000000 0.0410084079
0.2347500000 0.0287889596
0.2350000000 0.0166093233
0.2352500000 0.0044707503
0.2355000000 -0.0076255174
0.2357500000 -0.0196782469
0.2360000000 -0.0316862150
0.2362500000 -0.0436482081
0.2365000000 -0.0555630223
0.2367500000 -0.0674294638
0.2370000000 -0.0792463486
0.2372500000 -0.0910125031
0.2375000000 -0.1027267643
0.2377500000 -0.1143879792
0.2380000000 -0.1259950059
0.2382500000 -0.1375467130
0.2385000000 -0.1490419802
0.2387500000 -0.1604796982
0.2390000000 -0.1718587688
0.2392500000 -0.1831781053
0.2395000000 -0.1944366321
0.2397500000 -0.2056332856
0.2400000000 -0.2167670137
0.2402500000 -0.2278367759
0.2405000000 -0.2388415441
0.2407500000 -0.2497803018
0.2410000000 -0.2606520449
0.2412500000 -0.2714557816
0.2415000000 -0.2821905324
0.2417500000 -0.2928553304
0.2420000000 -0.3034492213
0.2422500000 -0.3139712633
0.2425000000 -0.3244205277
0.2427500000 -0.3347960986
0.2430000000 -0.3450970732
0.2432500000 -0.3553225617
0.2435000000 -0.3654716876
0.2437500000 -0.3755435878
0.2440000000 -0.3855374123
0.2442500000 -0.3954523248
0.2445000000 -0.4052875027
0.2447500000 -0.4150421367
0.2450000000 -0.4247154316
0.2452500000 -0.4343066059
0.2455000000 -0.4438148917
0.2457500000 -0.4532395356
0.2460000000 -0.4625797979
0.2462500000 -0.4718349530
0.2465000000 -0.4810042896
0.2467500000 -0.4900871107
0.2470000000 -0.4990827335
0.2472500000 -0.5079904896
0.2475000000 -0.5168097251
0.2477500000 -0.5255398004
0.2480000000 -0.5341800907
0.2482500000 -0.5427299856
0.2485000000 -0.5511888894
0.2487500000 -0.5595562213
0.2490000000 -0.5678314149
0.2492500000 -0.5760139188
0.2495000000 -0.5841031963
0.2497500000 -0.5920987256
0.2500000000 -0.6000000000
0.2502500000 -0.6078065274
0.2505000000 -0.6155178309
0.2507500000 -0.6231334484
0.2510000000 -0.6306529330
0.2512500000 -0.6380758528
0.2515000000 -0.6454017909
0.2517500000 -0.6526303454
0.2520000000 -0.6597611297
0.2522500000 -0.6667937722
0.2525000000 -0.6737279165
0.2527500000 -0.6805632212
0.2530000000 -0.6872993602
0.2532500000 -0.6939360223
0.2535000000 -0.7004729118
0.2537500000 -0.7069097479
0.2540000000 -0.7132462650
0.2542500000 -0.7194822127
0.2545000000 -0.7256173556
0.2547500000 -0.7316514736
0.2550000000 -0.7375843617
0.2552500000 -0.7434158299
0.2555000000 -0.7491457032
0.2557500000 -0.7547738220
0.2560000000 -0.7603000414
0.2562500000 -0.7657242318
0.2565000000 -0.7710462784
0.2567500000 -0.7762660814
0.2570000000 -0.7813835560
0.2572500000 -0.7863986323
0.2575000000 -0.7913112554
0.2577500000 -0.7961213849
0.2580000000 -0.8008289956
0.2582500000 -0.8054340767
0.2585000000 -0.8099366324
0.2587500000 -0.8143366813
0.2590000000 -0.8186342570
0.2592500000 -0.8228294072
0.2595000000 -0.8269221945
0.2597500000 -0.8309126958
0.2600000000 -0.8348010024
0.2602500000 -0.8385872200
0.2605000000 -0.8422714685
0.2607500000 -0.8458538822
0.2610000000 -0.8493346093
0.2612500000 -0.8527138124
0.2615000000 -0.8559916678
0.2617500000 -0.8591683660
0.2620000000 -0.8622441113
0.2622500000 -0.8652191217
0.2625000000 -0.8680936290
0.2627500000 -0.8708678787
0.2630000000 -0.8735421298
0.2632500000 -0.8761166548
0.2635000000 -0.8785917395
0.2637500000 -0.8809676832
0.2640000000 -0.8832447982
0.2642500000 -0.8854234100
0.2645000000 -0.8875038571
0.2647500000 -0.8894864911
0.2650000000 -0.8913716762
0.2652500000 -0.8931597895
0.2655000000 -0.8948512206
0.2657500000 -0.8964463717
0.2660000000 -0.8979456576
0.2662500000 -0.8993495051
0.2665000000 -0.9006583533
0.2667500000 -0.9018726536
0.2670000000 -0.9029928692
0.2672500000 -0.9040194752
0.2675000000 -0.9049529586
0.2677500000 -0.9057938177
0.2680000000 -0.9065425628
0.2682500000 -0.9071997153
0.2685000000 -0.9077658078
0.2687500000 -0.9082413844
0.2690000000 -0.9086269999
0.2692500000 -0.9089232202
0.2695000000 -0.9091306219
0.2697500000 -0.9092497924
0.2700000000 -0.9092813293
0.2702500000 -0.9092258409
0.2705000000 -0.9090839456
0.2707500000 -0.9088562720
0.2710000000 -0.9085434586
0.2712500000 -0.9081461538
0.2715000000 -0.9076650156
0.2717500000 -0.9071007118
0.2720000000 -0.9064539194
0.2722500000 -0.9057253247
0.2725000000 -0.9049156233
0.2727500000 -0.9040255195
0.2730000000 -0.9030557268
0.2732500000 -0.9020069670
0.2735000000 -0.9008799708
0.2737500000 -0.8996754771
0.2740000000 -0.8983942332
0.2742500000 -0.8970369941
0.2745000000 -0.8956045233
0.2747500000 -0.8940975917
0.2750000000 -0.8925169778
0.2752500000 -0.8908634679
0.2755000000 -0.8891378552
0.2757500000 -0.8873409405
0.2760000000 -0.8854735312
0.2762500000 -0.8835364417
0.2765000000 -0.8815304932
0.2767500000 -0.8794565132
0.2770000000 -0.8773153356
0.2772500000 -0.8751078006
0.2775000000 -0.8728347544
0.2777500000 -0.8704970489
0.2780000000 -0.8680955419
0.2782500000 -0.8656310966
0.2785000000 -0.8631045817
0.2787500000 -0.8605168710
0.2790000000 -0.8578688433
0.2792500000 -0.8551613823
0.2795000000 -0.8523953764
0.2797500000 -0.8495717186
0.2800000000 -0.8466913061
0.2802500000 -0.8437550404
0.2805000000 -0.8407638270
0.2807500000 -0.8377185753
0.2810000000 -0.8346201982
0.2812500000 -0.8314696123
0.2815000000 -0.8282677374
0.2817500000 -0.8250154966
0.2820000000 -0.8217138159
0.2822500000 -0.8183636241
0.2825000000 -0.8149658526
0.2827500000 -0.8115214355
0.2830000000 -0.8080313091
0.2832500000 -0.8044964116
0.2835000000 -0.8009176835
0.2837500000 -0.7972960669
0.2840000000 -0.7936325056
0.2842500000 -0.7899279448
0.2845000000 -0.7861833310
0.2847500000 -0.7823996117
0.2850000000 -0.7785777354
0.2852500000 -0.7747186515
0.2855000000 -0.7708233098
0.2857500000 -0.7668926605
0.2860000000 -0.7629276543
0.2862500000 -0.7589292415
0.2865000000 -0.7548983729
0.2867500000 -0.7508359985
0.2870000000 -0.7467430682
0.2872500000 -0.7426205312
0.2875000000 -0.7384693359
0.2877500000 -0.7342904298
0.2880000000 -0.7300847592
0.2882500000 -0.7258532692
0.2885000000 -0.7215969036
0.2887500000 -0.7173166043
0.2890000000 -0.7130133116
0.2892500000 -0.7086879639
0.2895000000 -0.7043414974
0.2897500000 -0.6999748460
0.2900000000 -0.6955889414
0.2902500000 -0.6911847123
0.2905000000 -0.6867630851
0.2907500000 -0.6823249831
0.2910000000 -0.6778713264
0.2912500000 -0.6734030320
0.2915000000 -0.6689210135
0.2917500000 -0.6644261810
0.2920000000 -0.6599194409
0.2922500000 -0.6554016955
0.2925000000 -0.6508738434
0.2927500000 -0.6463367789
0.2930000000 -0.6417913920
0.2932500000 -0.6372385683
0.2935000000 -0.6326791886
0.2937500000 -0.6281141290
0.2940000000 -0.6235442609
0.2942500000 -0.6189704503
0.2945000000 -0.6143935583
0.2947500000 -0.6098144404
0.2950000000 -0.6052339467
0.2952500000 -0.6006529218
0.2955000000 -0.5960722043
0.2957500000 -0.5914926269
0.2960000000 -0.5869150164
0.2962500000 -0.5823401934
0.2965000000 -0.5777689720
0.2967500000 -0.5732021599
0.2970000000 -0.5686405583
0.2972500000 -0.5640849616
0.2975000000 -0.5595361573
0.2977500000 -0.5549949260
0.2980000000 -0.5504620412
0.2982500000 -0.5459382690
0.2985000000 -0.5414243684
0.2987500000 -0.5369210906
0.2990000000 -0.5324291794
0.2992500000 -0.5279493709
0.2995000000 -0.5234823933
0.2997500000 -0.5190289667
0.3000000000 -0.5145898034
0.3002500000 -0.5101656072
0.3005000000 -0.5057570739
0.3007500000 -0.5013648907
0.3010000000 -0.4969897363
0.3012500000 -0.4926322809
0.3015000000 -0.4882931859
0.3017500000 -0.4839731037
0.3020000000 -0.4796726781
0.3022500000 -0.4753925436
0.3025000000 -0.4711333257
0.3027500000 -0.4668956406
0.3030000000 -0.4626800953
0.3032500000 -0.4584872873
0.3035000000 -0.4543178045
0.3037500000 -0.4501722255
0.3040000000 -0.4460511189
0.3042500000 -0.4419550438
0.3045000000 -0.4378845493
0.3047500000 -0.4338401746
0.3050000000 -0.4298224491
0.3052500000 -0.4258318917
0.3055000000 -0.4218690116
0.3057500000 -0.4179343074
0.3060000000 -0.4140282677
0.3062500000 -0.4101513706
0.3065000000 -0.4063040838
0.3067500000 -0.4024868644
0.3070000000 -0.3987001590
0.3072500000 -0.3949444037
0.3075000000 -0.3912200237
0.3077500000 -0.3875274337
0.3080000000 -0.3838670375
0.3082500000 -0.3802392279
0.3085000000 -0.3766443870
0.3087500000 -0.3730828860
0.3090000000 -0.3695550850
0.3092500000 -0.3660613329
0.3095000000 -0.3626019680
0.3097500000 -0.3591773169
0.3100000000 -0.3557876955
0.3102500000 -0.3524334083
0.3105000000 -0.3491147486
0.3107500000 -0.3458319985
0.3110000000 -0.3425854288
0.3112500000 -0.3393752989
0.3115000000 -0.3362018569
0.3117500000 -0.3330653396
0.3120000000 -0.3299659723
0.3122500000 -0.3269039691
0.3125000000 -0.3238795325
0.3127500000 -0.3208928536
0.3130000000 -0.3179441121
0.3132500000 -0.3150334762
0.3135000000 -0.3121611027
0.3137500000 -0.3093271368
0.3140000000 -0.3065317123
0.3142500000 -0.3037749516
0.3145000000 -0.3010569656
0.3147500000 -0.2983778535
0.3150000000 -0.2957377034
0.3152500000 -0.2931365916
0.3155000000 -0.2905745832
0.3157500000 -0.2880517318
0.3160000000 -0.2855680793
0.3162500000 -0.2831236566
0.3165000000 -0.2807184830
0.3167500000 -0.2783525664
0.3170000000 -0.2760259033
0.3172500000 -0.2737384791
0.3175000000 -0.2714902677
0.3177500000 -0.2692812317
0.3180000000 -0.2671113226
0.3182500000 -0.2649804805
0.3185000000 -0.2628886345
0.3187500000 -0.2608357025
0.3190000000 -0.2588215913
0.3192500000 -0.2568461965
0.3195000000 -0.2549094028
0.3197500000 -0.2530110840
0.3200000000 -0.2511511028
0.3202500000 -0.2493293112
0.3205000000 -0.2475455501
0.3207500000 -0.2457996498
0.3210000000 -0.2440914300
0.3212500000 -0.2424206994
0.3215000000 -0.2407872564
0.3217500000 -0.2391908887
0.3220000000 -0.2376313735
0.3222500000 -0.2361084776
0.3225000000 -0.2346219576
0.3227500000 -0.2331715595
0.3230000000 -0.2317570193
0.3232500000 -0.2303780629
0.3235000000 -0.2290344059
0.3237500000 -0.2277257541
0.3240000000 -0.2264518034
0.3242500000 -0.2252122397
0.3245000000 -0.2240067392
0.3247500000 -0.2228349685
0.3250000000 -0.2216965846
0.3252500000 -0.2205912348
0.3255000000 -0.2195185574
0.3257500000 -0.2184781810
0.3260000000 -0.2174697250
0.3262500000 -0.2164927999
0.3265000000 -0.2155470069
0.3267500000 -0.2146319385
0.3270000000 -0.2137471781
0.3272500000 -0.2128923005
0.3275000000 -0.2120668719
0.3277500000 -0.2112704498
0.3280000000 -0.2105025834
0.3282500000 -0.2097628136
0.3285000000 -0.2090506728
0.3287500000 -0.2083656858
0.3290000000 -0.2077073688
0.3292500000 -0.2070752305
0.3295000000 -0.2064687719
0.3297500000 -0.2058874860
0.3300000000 -0.2053308584
0.3302500000 -0.2047983675
0.3305000000 -0.2042894842
0.3307500000 -0.2038036721
0.3310000000 -0.2033403880
0.3312500000 -0.2028990816
0.3315000000 -0.2024791959
0.3317500000 -0.2020801672
0.3320000000 -0.2017014251
0.3322500000 -0.2013423929
0.3325000000 -0.2010024877
0.3327500000 -0.2006811203
0.3330000000 -0.2003776955
0.3332500000 -0.2000916122
0.3335000000 -0.1998222635
0.3337500000 -0.1995690370
0.3340000000 -0.1993313148
0.3342500000 -0.1991084735
0.3345000000 -0.1988998846
0.3347500000 -0.1987049145
0.3350000000 -0.1985229248
0.3352500000 -0.1983532721
0.3355000000 -0.1981953084
0.3357500000 -0.1980483814
0.3360000000 -0.1979118343
0.3362500000 -0.1977850059
0.3365000000 -0.1976672314
0.3367500000 -0.1975578416
0.3370000000 -0.1974561639
0.3372500000 -0.1973615219
0.3375000000 -0.1972732357
0.3377500000 -0.1971906223
0.3380000000 -0.1971129952
0.3382500000 -0.1970396652
0.3385000000 -0.1969699400
0.3387500000 -0.1969031248
0.3390000000 -0.1968385220
0.3392500000 -0.1967754319
0.3395000000 -0.1967131522
0.3397500000 -0.1966509789
0.3400000000 -0.1965882056
0.3402500000 -0.1965241246
0.3405000000 -0.1964580261
0.3407500000 -0.1963891993
0.3410000000 -0.1963169316
0.3412500000 -0.1962405097
0.3415000000 -0.1961592190
0.3417500000 -0.1960723442
0.3420000000 -0.1959791692
0.3422500000 -0.1958789775
0.3425000000 -0.1957710521
0.3427500000 -0.1956546760
0.3430000000 -0.1955291318
0.3432500000 -0.1953937026
0.3435000000 -0.1952476714
0.3437500000 -0.1950903220
0.3440000000 -0.1949209385
0.3442500000 -0.1947388059
0.3445000000 -0.1945432099
0.3447500000 -0.1943334375
0.3450000000 -0.1941087768
0.3452500000 -0.1938685172
0.3455000000 -0.1936119499
0.3457500000 -0.1933383674
0.3460000000 -0.1930470645
0.3462500000 -0.1927373376
0.3465000000 -0.1924084855
0.3467500000 -0.1920598093
0.3470000000 -0.1916906124
0.3472500000 -0.1913002012
0.3475000000 -0.1908878845
0.3477500000 -0.1904529742
0.3480000000 -0.1899947855
0.3482500000 -0.1895126365
0.3485000000 -0.1890058489
0.3487500000 -0.1884737481
0.3490000000 -0.1879156629
0.3492500000 -0.1873309261
0.3495000000 -0.1867188748
0.3497500000 -0.1860788498
0.3500000000 -0.1854101966
0.3502500000 -0.1847122650
0.3505000000 -0.1839844094
0.3507500000 -0.1832259891
0.3510000000 -0.1824363681
0.3512500000 -0.1816149159
0.3515000000 -0.1807610066
0.3517500000 -0.1798740202
0.3520000000 -0.1789533419
0.3522500000 -0.1779983627
0.3525000000 -0.1770084792
0.3527500000 -0.1759830942
0.3530000000 -0.1749216163
0.3532500000 -0.1738234606
0.3535000000 -0.1726880482
0.3537500000 -0.1715148070
0.3540000000 -0.1703031714
0.3542500000 -0.1690525825
0.3545000000 -0.1677624883
0.3547500000 -0.1664323441
0.3550000000 -0.1650616119
0.3552500000 -0.1636497615
0.3555000000 -0.1621962696
0.3557500000 -0.1607006209
0.3560000000 -0.1591623075
0.3562500000 -0.1575808294
0.3565000000 -0.1559556945
0.3567500000 -0.1542864188
0.3570000000 -0.1525725265
0.3572500000 -0.1508135499
0.3575000000 -0.1490090300
0.3577500000 -0.1471585161
0.3580000000 -0.1452615663
0.3582500000 -0.1433177473
0.3585000000 -0.1413266349
0.3587500000 -0.1392878137
0.3590000000 -0.1372008774
0.3592500000 -0.1350654292
0.3595000000 -0.1328810811
0.3597500000 -0.1306474550
0.3600000000 -0.1283641821
0.3602500000 -0.1260309032
0.3605000000 -0.1236472691
0.3607500000 -0.1212129400
0.3610000000 -0.1187275864
0.3612500000 -0.1161908886
0.3615000000 -0.1136025372
0.3617500000 -0.1109622328
0.3620000000 -0.1082696865
0.3622500000 -0.1055246197
0.3625000000 -0.1027267643
0.3627500000 -0.0998758626
0.3630000000 -0.0969716679
0.3632500000 -0.0940139440
0.3635000000 -0.0910024654
0.3637500000 -0.0879370178
0.3640000000 -0.0848173975
0.3642500000 -0.0816434122
0.3645000000 -0.0784148805
0.3647500000 -0.0751316321
0.3650000000 -0.0717935083
0.3652500000 -0.0684003613
0.3655000000 -0.0649520550
0.3657500000 -0.0614484646
0.3660000000 -0.0578894768
0.3662500000 -0.0542749900
0.3665000000 -0.0506049140
0.3667500000 -0.0468791704
0.3670000000 -0.0430976927
0.3672500000 -0.0392604258
0.3675000000 -0.0353673268
0.3677500000 -0.0314183645
0.3680000000 -0.0274135196
0.3682500000 -0.0233527849
0.3685000000 -0.0192361650
0.3687500000 -0.0150636768
0.3690000000 -0.0108353490
0.3692500000 -0.0065512227
0.3695000000 -0.0022113509
0.3697500000 0.0021842010
0.3700000000 0.0066353556
0.3702500000 0.0111420232
0.3705000000 0.0157041017
0.3707500000 0.0203214769
0.3710000000 0.0249940222
0.3712500000 0.0297215989
0.3715000000 0.0345040556
0.3717500000 0.0393412289
0.3720000000 0.0442329429
0.3722500000 0.0491790093
0.3725000000 0.0541792275
0.3727500000 0.0592333846
0.3730000000 0.0643412551
0.3732500000 0.0695026014
0.3735000000 0.0747171734
0.3737500000 0.0799847085
0.3740000000 0.0853049320
0.3742500000 0.0906775567
0.3745000000 0.0961022830
0.3747500000 0.1015787992
0.3750000000 0.1071067812
0.3752500000 0.1126858924
0.3755000000 0.1183157842
0.3757500000 0.1239960956
0.3760000000 0.1297264535
0.3762500000 0.1355064724
0.3765000000 0.1413357548
0.3767500000 0.1472138911
0.3770000000 0.1531404594
0.3772500000 0.1591150260
0.3775000000 0.1651371448
0.3777500000 0.1712063581
0.3780000000 0.1773221959
0.3782500000 0.1834841766
0.3785000000 0.1896918066
0.3787500000 0.1959445804
0.3790000000 0.2022419809
0.3792500000 0.2085834792
0.3795000000 0.2149685348
0.3797500000 0.2213965955
0.3800000000 0.2278670977
0.3802500000 0.2343794662
0.3805000000 0.2409331145
0.3807500000 0.2475274446
0.3810000000 0.2541618474
0.3812500000 0.2608357025
0.3815000000 0.2675483784
0.3817500000 0.2742992324
0.3820000000 0.2810876109
0.3822500000 0.2879128495
0.3825000000 0.2947742728
0.3827500000 0.3016711948
0.3830000000 0.3086029186
0.3832500000 0.3155687369
0.3835000000 0.3225679320
0.3837500000 0.3295997756
0.3840000000 0.3366635291
0.3842500000 0.3437584438
0.3845000000 0.3508837608
0.3847500000 0.3580387112
0.3850000000 0.3652225162
0.3852500000 0.3724343870
0.3855000000 0.3796735254
0.3857500000 0.3869391234
0.3860000000 0.3942303634
0.3862500000 0.4015464185
0.3865000000 0.4088864526
0.3867500000 0.4162496203
0.3870000000 0.4236350671
0.3872500000 0.4310419297
0.3875000000 0.4384693359
0.3877500000 0.4459164047
0.3880000000 0.4533822467
0.3882500000 0.4608659639
0.3885000000 0.4683666499
0.3887500000 0.4758833903
0.3890000000 0.4834152623
0.3892500000 0.4909613356
0.3895000000 0.4985206716
0.3897500000 0.5060923242
0.3900000000 0.5136753398
0.3902500000 0.5212687574
0.3905000000 0.5288716085
0.3907500000 0.5364829176
0.3910000000 0.5441017022
0.3912500000 0.5517269729
0.3915000000 0.5593577336
0.3917500000 0.5669929816
0.3920000000 0.5746317077
0.3922500000 0.5822728965
0.3925000000 0.5899155265
0.3927500000 0.5975585702
0.3930000000 0.6052009941
0.3932500000 0.6128417591
0.3935000000 0.6204798208
0.3937500000 0.6281141290
0.3940000000 0.6357436287
0.3942500000 0.6433672595
0.3945000000 0.6509839563
0.3947500000 0.6585926491
0.3950000000 0.6661922636
0.3952500000 0.6737817208
0.3955000000 0.6813599374
0.3957500000 0.6889258264
0.3960000000 0.6964782964
0.3962500000 0.7040162525
0.3965000000 0.7115385962
0.3967500000 0.7190442254
0.3970000000 0.7265320349
0.3972500000 0.7340009165
0.3975000000 0.7414497588
0.3977500000 0.7488774478
0.3980000000 0.7562828670
0.3982500000 0.7636648973
0.3985000000 0.7710224176
0.3987500000 0.7783543046
0.3990000000 0.7856594331
0.3992500000 0.7929366763
0.3995000000 0.8001849058
0.3997500000 0.8074029918
0.4000000000 0.8145898034
